1	ee11|22|33|44|55|67|777||	0	0
2	ee11|22|33|44|56|677|77||	0	0
3	ee11|22|33|45|556|7|777||	0	0
4	ee11|22|33|45|566|77|77||	0	0
5	ee11|22|33|45|567|67|77||	0	0
6	ee11|22|33|45|666|777|7||	0	0
7	ee11|22|33|45|667|677|7||	0	0
8	ee11|22|34|445|5|67|777||	0	0
9	ee11|22|34|445|6|677|77||	0	0
10	ee11|22|34|455|56|7|777||	0	0
11	ee11|22|34|455|66|77|77||	0	0
12	ee11|22|34|455|67|67|77||	0	0
13	ee11|22|34|456|56|77|77||	0	0
14	ee11|22|34|456|57|67|77||	0	0
15	ee11|22|34|555|567||777||	0	0
16	ee11|22|34|555|667|7|77||	0	0
17	ee11|22|34|556|557||777||	0	0
18	ee11|22|34|556|567|7|77||	0	0
19	ee11|22|34|556|577|6|77||	0	0
20	ee11|22|34|556|677|67|7||	0	0
21	ee11|22|34|567|567|67|7||	0	0
22	ee11|23|334|4|55|67|777||	0	0
23	ee11|23|334|4|56|677|77||	0	0
24	ee11|23|334|5|556|7|777||	0	0
25	ee11|23|334|5|566|77|77||	0	0
26	ee11|23|334|5|567|67|77||	0	0
27	ee11|23|334|5|666|777|7||	0	0
28	ee11|23|334|5|667|677|7||	0	0
29	ee11|23|344|45|5|67|777||	0	0
30	ee11|23|344|45|6|677|77||	0	0
31	ee11|23|344|55|56|7|777||	0	0
32	ee11|23|344|55|66|77|77||	0	0
33	ee11|23|344|55|67|67|77||	0	0
34	ee11|23|344|56|55|7|777||	0	0
35	ee11|23|344|56|56|77|77||	0	0
36	ee11|23|344|56|57|67|77||	0	0
37	ee11|23|344|56|77|667|7||	0	0
38	ee11|23|345|45|56|7|777||	0	0
39	ee11|23|345|45|66|77|77||	0	0
40	ee11|23|345|45|67|67|77||	0	0
41	ee11|23|345|46|55|7|777||	0	0
42	ee11|23|345|46|56|77|77||	0	0
43	ee11|23|345|46|57|67|77||	0	0
44	ee11|23|345|46|77|667|7||	0	0
45	ee11|23|345|67|555||777||	0	0
46	ee11|23|345|67|556|7|77||	0	0
47	ee11|23|345|67|566|77|7||	0	0
48	ee11|23|345|67|567|67|7||	0	0
49	ee11|23|345|67|666|777|||	0	0
50	ee11|23|345|67|667|677|||	0	0
51	ee11|23|444|455||67|777||	0	0
52	ee11|23|444|456||677|77||	0	0
53	ee11|23|444|555|6|7|777||	0	0
54	ee11|23|444|556|5|7|777||	0	0
55	ee11|23|444|556|6|77|77||	0	0
56	ee11|23|444|556|7|67|77||	0	0
57	ee11|23|444|567|5|67|77||	0	0
58	ee11|23|445|445||67|777||	0	0
59	ee11|23|445|446||677|77||	0	0
60	ee11|23|445|455|6|7|777||	0	0
61	ee11|23|445|456|5|7|777||	0	0
62	ee11|23|445|456|6|77|77||	0	0
63	ee11|23|445|456|7|67|77||	0	0
64	ee11|23|445|466|5|77|77||	0	0
65	ee11|23|445|466|6|777|7||	0	0
66	ee11|23|445|466|7|677|7||	0	0
67	ee11|23|445|467|5|67|77||	0	0
68	ee11|23|445|467|6|677|7||	0	0
69	ee11|23|445|566|57|7|77||	0	0
70	ee11|23|445|566|67|77|7||	0	0
71	ee11|23|445|567|55||777||	0	0
72	ee11|23|445|567|56|7|77||	0	0
73	ee11|23|445|567|66|77|7||	0	0
74	ee11|23|445|567|67|67|7||	0	0
75	ee11|23|445|667|55|7|77||	0	0
76	ee11|23|445|667|56|77|7||	0	0
77	ee11|23|445|667|57|67|7||	0	0
78	ee11|23|445|667|66|777|||	0	0
79	ee11|23|445|667|67|677|||	0	0
80	ee11|23|445|667|77|667|||	0	0
81	ee11|23|456|456|57|7|77||	0	0
82	ee11|23|456|457|55||777||	0	0
83	ee11|23|456|457|56|7|77||	0	0
84	ee11|23|456|457|66|77|7||	0	0
85	ee11|23|456|457|67|67|7||	0	0
86	ee12|223|3|44|55|67|777||	0	0
87	ee12|223|3|44|56|677|77||	0	0
88	ee12|223|3|45|556|7|777||	0	0
89	ee12|223|3|45|566|77|77||	0	0
90	ee12|223|3|45|567|67|77||	0	0
91	ee12|223|3|45|666|777|7||	0	0
92	ee12|223|3|45|667|677|7||	0	0
93	ee12|223|4|445|5|67|777||	0	0
94	ee12|223|4|445|6|677|77||	0	0
95	ee12|223|4|455|56|7|777||	0	0
96	ee12|223|4|455|66|77|77||	0	0
97	ee12|223|4|455|67|67|77||	0	0
98	ee12|223|4|456|56|77|77||	0	0
99	ee12|223|4|456|57|67|77||	0	0
100	ee12|223|4|555|567||777||	0	0
101	ee12|223|4|555|667|7|77||	0	0
102	ee12|223|4|556|557||777||	0	0
103	ee12|223|4|556|567|7|77||	0	0
104	ee12|223|4|556|577|6|77||	0	0
105	ee12|223|4|556|677|67|7||	0	0
106	ee12|223|4|567|567|67|7||	0	0
107	ee12|233|34|4|55|67|777||	0	0
108	ee12|233|34|4|56|677|77||	0	0
109	ee12|233|34|5|556|7|777||	0	0
110	ee12|233|34|5|566|77|77||	0	0
111	ee12|233|34|5|567|67|77||	0	0
112	ee12|233|34|5|666|777|7||	0	0
113	ee12|233|34|5|667|677|7||	0	0
114	ee12|233|44|45|5|67|777||	0	0
115	ee12|233|44|45|6|677|77||	0	0
116	ee12|233|44|55|56|7|777||	0	0
117	ee12|233|44|55|66|77|77||	0	0
118	ee12|233|44|55|67|67|77||	0	0
119	ee12|233|44|56|56|77|77||	0	0
120	ee12|233|44|56|57|67|77||	0	0
121	ee12|233|45|44|5|67|777||	0	0
122	ee12|233|45|44|6|677|77||	0	0
123	ee12|233|45|45|56|7|777||	0	0
124	ee12|233|45|45|66|77|77||	0	0
125	ee12|233|45|45|67|67|77||	0	0
126	ee12|233|45|46|55|7|777||	0	0
127	ee12|233|45|46|56|77|77||	0	0
128	ee12|233|45|46|57|67|77||	0	0
129	ee12|233|45|46|66|777|7||	0	0
130	ee12|233|45|46|67|677|7||	0	0
131	ee12|233|45|46|77|667|7||	0	0
132	ee12|233|45|66|557|7|77||	0	0
133	ee12|233|45|66|567|77|7||	0	0
134	ee12|233|45|66|667|777|||	0	0
135	ee12|233|45|66|677|677|||	0	0
136	ee12|233|45|67|555||777||	0	0
137	ee12|233|45|67|556|7|77||	0	0
138	ee12|233|45|67|566|77|7||	0	0
139	ee12|233|45|67|567|67|7||	0	0
140	ee12|233|45|67|666|777|||	0	0
141	ee12|233|45|67|667|677|||	0	0
142	ee12|234|34|45|5|67|777||	0	0
143	ee12|234|34|45|6|677|77||	0	0
144	ee12|234|34|55|56|7|777||	0	0
145	ee12|234|34|55|66|77|77||	0	0
146	ee12|234|34|55|67|67|77||	0	0
147	ee12|234|34|56|56|77|77||	0	0
148	ee12|234|34|56|57|67|77||	0	0
149	ee12|234|35|44|5|67|777||	0	0
150	ee12|234|35|44|6|677|77||	0	0
151	ee12|234|35|45|56|7|777||	0	0
152	ee12|234|35|45|66|77|77||	0	0
153	ee12|234|35|45|67|67|77||	0	0
154	ee12|234|35|46|55|7|777||	0	0
155	ee12|234|35|46|56|77|77||	0	0
156	ee12|234|35|46|57|67|77||	0	0
157	ee12|234|35|46|66|777|7||	0	0
158	ee12|234|35|46|67|677|7||	0	0
159	ee12|234|35|46|77|667|7||	0	0
160	ee12|234|35|66|557|7|77||	0	0
161	ee12|234|35|66|567|77|7||	0	0
162	ee12|234|35|66|667|777|||	0	0
163	ee12|234|35|66|677|677|||	0	0
164	ee12|234|35|67|555||777||	0	0
165	ee12|234|35|67|556|7|77||	0	0
166	ee12|234|35|67|566|77|7||	0	0
167	ee12|234|35|67|567|67|7||	0	0
168	ee12|234|35|67|666|777|||	0	0
169	ee12|234|35|67|667|677|||	0	0
170	ee12|234|56|444||677|77||	0	0
171	ee12|234|56|445|5|7|777||	0	0
172	ee12|234|56|445|6|77|77||	0	0
173	ee12|234|56|445|7|67|77||	0	0
174	ee12|234|56|447|7|667|7||	0	0
175	ee12|234|56|455|57||777||	0	0
176	ee12|234|56|455|67|7|77||	0	0
177	ee12|234|56|455|77|6|77||	0	0
178	ee12|234|56|456|57|7|77||	0	0
179	ee12|234|56|456|77|67|7||	0	0
180	ee12|234|56|457|67|67|7||	0	0
181	ee12|234|56|555|677||77||	0	0
182	ee12|234|56|556|577||77||	0	0
183	ee12|234|56|556|677|7|7||	0	0
184	ee12|234|56|557|667|7|7||	0	0
185	ee12|234|56|567|567|7|7||	0	0
186	ee12|333|344||55|67|777||	0	0
187	ee12|333|344||56|677|77||	0	0
188	ee12|333|345||556|7|777||	0	0
189	ee12|333|345||566|77|77||	0	0
190	ee12|333|345||567|67|77||	0	0
191	ee12|333|345||666|777|7||	0	0
192	ee12|333|345||667|677|7||	0	0
193	ee12|333|444|5|5|67|777||	0	0
194	ee12|333|444|5|6|677|77||	0	0
195	ee12|333|445|4|5|67|777||	0	0
196	ee12|333|445|4|6|677|77||	0	0
197	ee12|333|445|5|56|7|777||	0	0
198	ee12|333|445|5|66|77|77||	0	0
199	ee12|333|445|5|67|67|77||	0	0
200	ee12|333|445|6|55|7|777||	0	0
201	ee12|333|445|6|56|77|77||	0	0
202	ee12|333|445|6|57|67|77||	0	0
203	ee12|333|445|6|66|777|7||	0	0
204	ee12|333|445|6|67|677|7||	0	0
205	ee12|333|445|6|77|667|7||	0	0
206	ee12|333|456|4|55|7|777||	0	0
207	ee12|333|456|4|56|77|77||	0	0
208	ee12|333|456|4|57|67|77||	0	0
209	ee12|333|456|4|77|667|7||	0	0
210	ee12|333|456|7|555||777||	0	0
211	ee12|333|456|7|556|7|77||	0	0
212	ee12|333|456|7|567|67|7||	0	0
213	ee12|334|334||55|67|777||	0	0
214	ee12|334|334||56|677|77||	0	0
215	ee12|334|335||556|7|777||	0	0
216	ee12|334|335||566|77|77||	0	0
217	ee12|334|335||567|67|77||	0	0
218	ee12|334|335||666|777|7||	0	0
219	ee12|334|335||667|677|7||	0	0
220	ee12|334|344|5|5|67|777||	0	0
221	ee12|334|344|5|6|677|77||	0	0
222	ee12|334|345|4|5|67|777||	0	0
223	ee12|334|345|4|6|677|77||	0	0
224	ee12|334|345|5|56|7|777||	0	0
225	ee12|334|345|5|66|77|77||	0	0
226	ee12|334|345|5|67|67|77||	0	0
227	ee12|334|345|6|55|7|777||	0	0
228	ee12|334|345|6|56|77|77||	0	0
229	ee12|334|345|6|57|67|77||	0	0
230	ee12|334|345|6|66|777|7||	0	0
231	ee12|334|345|6|67|677|7||	0	0
232	ee12|334|345|6|77|667|7||	0	0
233	ee12|334|355|4|56|7|777||	0	0
234	ee12|334|355|4|66|77|77||	0	0
235	ee12|334|355|4|67|67|77||	0	0
236	ee12|334|355|5|567||777||	0	0
237	ee12|334|355|5|667|7|77||	0	0
238	ee12|334|355|6|557||777||	0	0
239	ee12|334|355|6|567|7|77||	0	0
240	ee12|334|355|6|577|6|77||	0	0
241	ee12|334|355|6|667|77|7||	0	0
242	ee12|334|355|6|677|67|7||	0	0
243	ee12|334|355|6|777|66|7||	0	0
244	ee12|334|356|4|55|7|777||	0	0
245	ee12|334|356|4|56|77|77||	0	0
246	ee12|334|356|4|57|67|77||	0	0
247	ee12|334|356|4|77|667|7||	0	0
248	ee12|334|356|5|557||777||	0	0
249	ee12|334|356|5|567|7|77||	0	0
250	ee12|334|356|5|577|6|77||	0	0
251	ee12|334|356|5|667|77|7||	0	0
252	ee12|334|356|5|677|67|7||	0	0
253	ee12|334|356|5|777|66|7||	0	0
254	ee12|334|356|7|555||777||	0	0
255	ee12|334|356|7|556|7|77||	0	0
256	ee12|334|356|7|557|6|77||	0	0
257	ee12|334|356|7|567|67|7||	0	0
258	ee12|334|356|7|577|66|7||	0	0
259	ee12|334|356|7|777|666|||	0	0
260	ee12|334|455|44||67|777||	0	0
261	ee12|334|455|45|6|7|777||	0	0
262	ee12|334|455|46|5|7|777||	0	0
263	ee12|334|455|46|6|77|77||	0	0
264	ee12|334|455|46|7|67|77||	0	0
265	ee12|334|455|55|67||777||	0	0
266	ee12|334|455|56|67|7|77||	0	0
267	ee12|334|455|56|77|6|77||	0	0
268	ee12|334|455|66|67|77|7||	0	0
269	ee12|334|455|66|77|67|7||	0	0
270	ee12|334|455|67|67|67|7||	0	0
271	ee12|334|456|44||677|77||	0	0
272	ee12|334|456|45|5|7|777||	0	0
273	ee12|334|456|45|6|77|77||	0	0
274	ee12|334|456|45|7|67|77||	0	0
275	ee12|334|456|47|5|67|77||	0	0
276	ee12|334|456|47|7|667|7||	0	0
277	ee12|334|456|55|57||777||	0	0
278	ee12|334|456|55|67|7|77||	0	0
279	ee12|334|456|55|77|6|77||	0	0
280	ee12|334|456|56|57|7|77||	0	0
281	ee12|334|456|56|77|67|7||	0	0
282	ee12|334|456|57|55||777||	0	0
283	ee12|334|456|57|56|7|77||	0	0
284	ee12|334|456|57|57|6|77||	0	0
285	ee12|334|456|57|66|77|7||	0	0
286	ee12|334|456|57|67|67|7||	0	0
287	ee12|334|456|57|77|66|7||	0	0
288	ee12|334|456|77|55|6|77||	0	0
289	ee12|334|456|77|56|67|7||	0	0
290	ee12|334|456|77|57|66|7||	0	0
291	ee12|334|456|77|77|666|||	0	0
292	ee12|334|556|44|5|7|777||	0	0
293	ee12|334|556|44|6|77|77||	0	0
294	ee12|334|556|44|7|67|77||	0	0
295	ee12|334|556|45|57||777||	0	0
296	ee12|334|556|45|67|7|77||	0	0
297	ee12|334|556|45|77|6|77||	0	0
298	ee12|334|556|46|57|7|77||	0	0
299	ee12|334|556|46|67|77|7||	0	0
300	ee12|334|556|46|77|67|7||	0	0
301	ee12|334|556|47|55||777||	0	0
302	ee12|334|556|47|56|7|77||	0	0
303	ee12|334|556|47|66|77|7||	0	0
304	ee12|334|556|47|67|67|7||	0	0
305	ee12|334|556|55|677||77||	0	0
306	ee12|334|556|56|577||77||	0	0
307	ee12|334|556|56|677|7|7||	0	0
308	ee12|334|556|57|667|7|7||	0	0
309	ee12|334|556|66|577|7|7||	0	0
310	ee12|334|556|66|677|77|||	0	0
311	ee12|334|556|67|567|7|7||	0	0
312	ee12|334|556|67|667|77|||	0	0
313	ee12|334|556|77|666|77|||	0	0
314	ee12|334|567|44|5|67|77||	0	0
315	ee12|334|567|45|55||777||	0	0
316	ee12|334|567|45|56|7|77||	0	0
317	ee12|334|567|45|66|77|7||	0	0
318	ee12|334|567|45|67|67|7||	0	0
319	ee12|334|567|55|567||77||	0	0
320	ee12|334|567|55|667|7|7||	0	0
321	ee12|334|567|56|557||77||	0	0
322	ee12|334|567|56|567|7|7||	0	0
323	ee12|334|567|56|577|6|7||	0	0
324	ee12|334|567|56|777|66|||	0	0
325	ee12|345|345|44||67|777||	0	0
326	ee12|345|345|45|6|7|777||	0	0
327	ee12|345|345|46|6|77|77||	0	0
328	ee12|345|345|46|7|67|77||	0	0
329	ee12|345|345|66|67|77|7||	0	0
330	ee12|345|345|67|67|67|7||	0	0
331	ee12|345|346|44||677|77||	0	0
332	ee12|345|346|45|5|7|777||	0	0
333	ee12|345|346|45|6|77|77||	0	0
334	ee12|345|346|45|7|67|77||	0	0
335	ee12|345|346|47|7|667|7||	0	0
336	ee12|345|346|55|57||777||	0	0
337	ee12|345|346|55|67|7|77||	0	0
338	ee12|345|346|55|77|6|77||	0	0
339	ee12|345|346|56|57|7|77||	0	0
340	ee12|345|346|56|77|67|7||	0	0
341	ee12|345|346|57|57|6|77||	0	0
342	ee12|345|346|57|67|67|7||	0	0
343	ee12|345|346|57|77|66|7||	0	0
344	ee12|345|346|77|77|666|||	0	0
345	ee12|345|367|44|5|67|77||	0	0
346	ee12|345|367|44|6|677|7||	0	0
347	ee12|345|367|45|55||777||	0	0
348	ee12|345|367|45|56|7|77||	0	0
349	ee12|345|367|45|66|77|7||	0	0
350	ee12|345|367|45|67|67|7||	0	0
351	ee12|345|367|46|55|7|77||	0	0
352	ee12|345|367|46|56|77|7||	0	0
353	ee12|345|367|46|57|67|7||	0	0
354	ee12|345|367|46|66|777|||	0	0
355	ee12|345|367|46|67|677|||	0	0
356	ee12|345|367|46|77|667|||	0	0
357	e112|e2|33|44|55|67|777||	(32*Log[4/3])/243	0
358	e112|e2|33|44|56|677|77||	(-8*Pi^2)/243	0
359	e112|e2|33|45|556|7|777||	0.01674140344	3.62e-9
360	e112|e2|33|45|566|77|77||	-0.141415545643350	1.e-13
361	e112|e2|33|45|567|67|77||	-0.176264031	1.93e-7
362	e112|e2|33|45|666|777|7||	-0.000511778105954	1.e-13
363	e112|e2|33|45|667|677|7||	-0.233669149	2.81e-7
364	e112|e2|34|445|5|67|777||	0.037884058923693	1.e-13
365	e112|e2|34|445|6|677|77||	-0.3578197899	7.38e-8
366	e112|e2|34|455|56|7|777||	0.02419856684	7.85e-9
367	e112|e2|34|455|66|77|77||	-0.084629634257346	1.e-13
368	e112|e2|34|455|67|67|77||	-0.1997608497	5.93e-8
369	e112|e2|34|456|56|77|77||	-0.0842473607	4.61e-8
370	e112|e2|34|456|57|67|77||	-0.2619199465	7.2e-8
371	e112|e2|34|555|567||777||	-0.001903399804173	1.e-13
372	e112|e2|34|555|667|7|77||	0.01740143149	3.86e-9
373	e112|e2|34|556|557||777||	0.00704465494	1.71e-9
374	e112|e2|34|556|567|7|77||	-0.364636762	1.93e-7
375	e112|e2|34|556|577|6|77||	-0.259321125	1.24e-7
376	e112|e2|34|556|677|67|7||	-0.2053199121	5.86e-8
377	e112|e2|34|567|567|67|7||	-0.055559658	5.19e-7
378	e112|e3|334|4|55|67|777||	0.047711424673271	1.e-13
379	e112|e3|334|4|56|677|77||	-0.409212922901625	1.e-13
380	e112|e3|334|5|556|7|777||	0.02294597499	5.04e-9
381	e112|e3|334|5|566|77|77||	-0.2076252801	5.14e-8
382	e112|e3|334|5|567|67|77||	-0.256343314	4.46e-7
383	e112|e3|334|5|666|777|7||	-0.000463500980974	1.e-13
384	e112|e3|334|5|667|677|7||	-0.344323228	4.35e-7
385	e112|e3|344|45|5|67|777||	0.105322023695474	1.e-13
386	e112|e3|344|45|6|677|77||	-1.030825144	2.36e-7
387	e112|e3|344|55|56|7|777||	0.00893273086	2.7e-9
388	e112|e3|344|55|66|77|77||	-0.087429331315723	1.e-13
389	e112|e3|344|55|67|67|77||	-0.0983763486	2.8e-8
390	e112|e3|344|56|55|7|777||	0.01786546270	5.38e-9
391	e112|e3|344|56|56|77|77||	-0.1523147330	4.6e-8
392	e112|e3|344|56|57|67|77||	-0.474862076	1.35e-7
393	e112|e3|344|56|77|667|7||	-0.1967526719	5.67e-8
394	e112|e3|345|45|56|7|777||	0.009591416	8.32e-7
395	e112|e3|345|45|66|77|77||	-0.0705190836	2.74e-8
396	e112|e3|345|45|67|67|77||	-0.083005926	2.45e-7
397	e112|e3|345|46|55|7|777||	0.02425361164	7.03e-9
398	e112|e3|345|46|56|77|77||	-0.1963203035	6.12e-8
399	e112|e3|345|46|57|67|77||	-0.59464257	2.07e-6
400	e112|e3|345|46|77|667|7||	-0.207412331	3.42e-7
401	e112|e3|345|67|555||777||	(-128*Log[4/3]^2)/729	0
402	e112|e3|345|67|556|7|77||	-0.127143753	2.43e-7
403	e112|e3|345|67|566|77|7||	-0.0941331634	3.28e-8
404	e112|e3|345|67|567|67|7||	-0.091252775	4.73e-7
405	e112|e3|345|67|666|777|||	-0.000385124657	1.79e-10
406	e112|e3|345|67|667|677|||	-0.091605330	2.99e-7
407	e112|e3|444|455||67|777||	-0.0017312532428419649531202141	1.e-25
408	e112|e3|444|456||677|77||	0.0148486699912602633853685785	1.e-25
409	e112|e3|444|555|6|7|777||	3.9852895528848037245237e-6	1.e-25
410	e112|e3|444|556|5|7|777||	-0.000870197318274	1.e-13
411	e112|e3|444|556|6|77|77||	0.008421247017014	1.e-13
412	e112|e3|444|556|7|67|77||	0.01401235996	3.78e-9
413	e112|e3|444|567|5|67|77||	0.01028288181	4.24e-9
414	e112|e3|445|445||67|777||	0.035074577713933	1.e-13
415	e112|e3|445|446||677|77||	-0.3466347916	7.24e-8
416	e112|e3|445|455|6|7|777||	0.00821844218	3.69e-9
417	e112|e3|445|456|5|7|777||	0.02871146439	7.58e-9
418	e112|e3|445|456|6|77|77||	-0.2937787682	9.4e-8
419	e112|e3|445|456|7|67|77||	-0.44686274	1.18e-6
420	e112|e3|445|466|5|77|77||	-0.2617959011	6.37e-8
421	e112|e3|445|466|6|777|7||	0.01705284800	4.14e-9
422	e112|e3|445|466|7|677|7||	-0.346117761	6.74e-7
423	e112|e3|445|467|5|67|77||	-0.297627735	4.01e-7
424	e112|e3|445|467|6|677|7||	-0.454419934	8.44e-7
425	e112|e3|445|566|57|7|77||	-0.3792417869	9.88e-8
426	e112|e3|445|566|67|77|7||	-0.1579429444	4.93e-8
427	e112|e3|445|567|55||777||	0.304809896766485	1.e-13
428	e112|e3|445|567|56|7|77||	-0.536594806	9.63e-7
429	e112|e3|445|567|66|77|7||	-0.347828166	1.06e-7
430	e112|e3|445|567|67|67|7||	-0.28017216	1.04e-6
431	e112|e3|445|667|55|7|77||	-1.599319764	2.81e-7
432	e112|e3|445|667|56|77|7||	-0.198945634	2.59e-7
433	e112|e3|445|667|57|67|7||	-0.297033623	3.55e-7
434	e112|e3|445|667|66|777|||	0.005301870320540	1.e-13
435	e112|e3|445|667|67|677|||	-0.156677819	3.43e-7
436	e112|e3|445|667|77|667|||	-0.1217152311	4.18e-8
437	e112|e3|456|456|57|7|77||	-0.120200076	4.38e-7
438	e112|e3|456|457|55||777||	0.00630881392	2.26e-9
439	e112|e3|456|457|56|7|77||	-0.245500818	7.3e-7
440	e112|e3|456|457|66|77|7||	-0.241735772	5.16e-7
441	e112|e3|456|457|67|67|7||	-0.170135873	8.25e-7
442	e112|23|e3|44|55|67|777||	0.1557109096226667713960138521	1.e-25
443	e112|23|e3|44|56|677|77||	-1.3355064723116235042097125242	1.e-25
444	e112|23|e3|45|556|7|777||	0.0688104593	3.67e-8
445	e112|23|e3|45|566|77|77||	-0.581245618144165	1.e-13
446	e112|23|e3|45|567|67|77||	-0.72447990	1.41e-6
447	e112|23|e3|45|666|777|7||	-0.002103508353305	1.e-13
448	e112|23|e3|45|667|677|7||	-0.96042648	1.64e-6
449	e112|23|e4|445|5|67|777||	0.194778218495177	1.e-13
450	e112|23|e4|445|6|677|77||	-1.857478411	8.5e-7
451	e112|23|e4|455|56|7|777||	0.0628668513	5.56e-8
452	e112|23|e4|455|66|77|77||	-0.492687969374443	1.e-13
453	e112|23|e4|455|67|67|77||	-0.570847169	3.17e-7
454	e112|23|e4|456|55|7|777||	0.0628668010	5.59e-8
455	e112|23|e4|456|56|77|77||	-0.466737867	2.78e-7
456	e112|23|e4|456|57|67|77||	-1.452277665	8.51e-7
457	e112|23|e4|456|77|667|7||	-0.570847627	3.22e-7
458	e112|23|e4|555|567||777||	-0.003606370189269	1.e-13
459	e112|23|e4|555|667|7|77||	0.03655248968	9.78e-9
460	e112|23|e4|556|557||777||	0.0365877823	1.07e-8
461	e112|23|e4|556|567|7|77||	-1.05539794	1.95e-6
462	e112|23|e4|556|577|6|77||	-0.76538031	2.7e-6
463	e112|23|e4|556|667|77|7||	-0.76538522	2.92e-6
464	e112|23|e4|556|677|67|7||	-1.21659662	1.66e-6
465	e112|23|e4|556|777|66|7||	0.03655248564	9.8e-9
466	e112|23|e4|567|555||777||	-0.003606370189269	1.e-13
467	e112|23|e4|567|556|7|77||	-1.05539768	1.93e-6
468	e112|23|e4|567|567|67|7||	-0.31315712	6.13e-6
469	e112|23|34|e4|55|67|777||	0.246250925027009	1.e-13
470	e112|23|34|e4|56|677|77||	-2.112053066693400	1.e-13
471	e112|23|34|e5|556|7|777||	0.1238111466	4.09e-8
472	e112|23|34|e5|566|77|77||	-1.207584995	4.26e-7
473	e112|23|34|e5|567|67|77||	-1.47146751	3.58e-6
474	e112|23|34|e5|666|777|7||	-0.001045465419574	1.e-13
475	e112|23|34|e5|667|677|7||	-2.00981618	3.04e-6
476	e112|23|34|45|e5|67|777||	0.340210556714909	1.e-13
477	e112|23|34|45|e6|677|77||	-3.46049922	1.74e-6
478	e112|23|34|45|56|e7|777||	0.0750070192	6.39e-8
479	e112|23|34|45|56|67|77|e|	-1.26300274	4.76e-6
480	e112|23|34|45|56|77|e77||	-1.61218145	2.53e-6
481	e112|23|34|45|66|e77|77||	-1.12957692	1.44e-6
482	e112|23|34|45|66|677|7|e|	-1.7339301	1.02e-5
483	e112|23|34|45|66|777|e7||	0.0404785120	3.71e-8
484	e112|23|34|45|67|e67|77||	-1.17956994	4.75e-6
485	e112|23|34|45|67|667|7|e|	-2.12720091	8.24e-6
486	e112|23|34|55|e56|7|777||	0.0485652600	4.23e-8
487	e112|23|34|55|e66|77|77||	-0.821113721014247	1.e-13
488	e112|23|34|55|e67|67|77||	-0.844274533	6.32e-7
489	e112|23|34|55|566|7|77|e|	-1.13972479	1.09e-6
490	e112|23|34|55|567|e|777||	0.291935654917334	1.e-13
491	e112|23|34|55|567|6|77|e|	-0.88047768	1.02e-6
492	e112|23|34|55|666|77|7|e|	0.023685659323585	1.e-13
493	e112|23|34|55|667|e7|77||	-3.02425309	1.34e-6
494	e112|23|34|55|667|67|7|e|	-1.52039318	1.51e-6
495	e112|23|34|55|667|77|e7||	-1.25104924	1.21e-6
496	e112|23|34|56|e55|7|777||	0.0485652221	5.17e-8
497	e112|23|34|56|e56|77|77||	-0.566849095	3.37e-7
498	e112|23|34|56|e57|67|77||	-1.761587595	9.49e-7
499	e112|23|34|56|e77|667|7||	-0.844275370	6.51e-7
500	e112|23|34|56|556|7|77|e|	-1.3045190	1.21e-5
501	e112|23|34|56|557|e|777||	0.0420814216	7.96e-8
502	e112|23|34|56|557|6|77|e|	-1.31684705	1.19e-6
503	e112|23|34|56|557|7|e77||	-1.43728916	9.84e-6
504	e112|23|34|56|567|e7|77||	-1.6493747	1.01e-5
505	e112|23|34|56|567|67|7|e|	-1.01163818	8.09e-6
506	e112|23|34|56|577|e6|77||	-1.103903911	8.38e-7
507	e112|23|34|56|577|66|7|e|	-1.49750100	3.82e-6
508	e112|23|34|56|577|67|e7||	-1.70005180	4.42e-6
509	e112|23|34|56|777|e66|7||	0.0399165210	2.95e-8
510	e112|23|44|e45|5|67|777||	0.236905045231509	1.e-13
511	e112|23|44|e45|6|677|77||	-2.419954055	6.35e-7
512	e112|23|44|e55|56|7|777||	0.0328498390	1.23e-8
513	e112|23|44|e55|66|77|77||	-0.592947250690206	1.e-13
514	e112|23|44|e55|67|67|77||	-0.604017847	2.29e-7
515	e112|23|44|e56|55|7|777||	0.0328498328	1.02e-8
516	e112|23|44|e56|56|77|77||	-0.399288247	1.53e-7
517	e112|23|44|e56|57|67|77||	-1.240167634	4.61e-7
518	e112|23|44|e56|77|667|7||	-0.604017705	2.2e-7
519	e112|23|44|455|e|67|777||	0.207060961369359	1.e-13
520	e112|23|44|455|6|e7|777||	0.0267577027	1.19e-8
521	e112|23|44|455|6|67|77|e|	-0.60487993	2.7e-6
522	e112|23|44|455|6|77|e77||	-0.795277794	4.13e-7
523	e112|23|44|456|e|677|77||	-1.775927292069406	1.e-13
524	e112|23|44|456|5|e7|777||	0.0504044870	3.59e-8
525	e112|23|44|456|5|77|e77||	-1.10904750	1.06e-6
526	e112|23|44|456|7|e67|77||	-1.46772960	1.e-5
527	e112|23|44|456|7|667|7|e|	-0.82509966	6.83e-6
528	e112|23|44|555|e6|7|777||	-0.000532722954028	1.e-13
529	e112|23|44|555|66|7|77|e|	0.014107261598211	1.e-13
530	e112|23|44|555|67|6|77|e|	0.01217782534	8.91e-9
531	e112|23|44|556|e5|7|777||	0.1051233742	3.88e-8
532	e112|23|44|556|e6|77|77||	-1.047949226	3.39e-7
533	e112|23|44|556|e7|67|77||	-1.74575804	4.23e-6
534	e112|23|44|556|56|7|77|e|	-0.92158786	7.84e-6
535	e112|23|44|556|57|e|777||	0.0280418039	1.37e-8
536	e112|23|44|556|57|6|77|e|	-1.02613512	5.85e-6
537	e112|23|44|556|57|7|e77||	-0.930832298	8.24e-7
538	e112|23|44|556|66|77|7|e|	-0.816985404	2.84e-7
539	e112|23|44|556|67|e7|77||	-1.06917210	2.53e-6
540	e112|23|44|556|67|67|7|e|	-1.21981926	6.33e-6
541	e112|23|44|556|67|77|e7||	-0.792077197	6.05e-7
542	e112|23|44|556|77|e6|77||	-0.451418465	1.46e-7
543	e112|23|44|556|77|66|7|e|	-2.532547115	9.75e-7
544	e112|23|44|556|77|67|e7||	-1.094501922	9.3e-7
545	e112|23|44|567|e5|67|77||	-1.27164812	4.28e-6
546	e112|23|44|567|55|e|777||	0.242091169851808	1.e-13
547	e112|23|44|567|56|e7|77||	-1.17240224	7.89e-6
548	e112|23|44|567|56|67|7|e|	-0.70534416	3.94e-6
549	e112|23|45|e44|5|67|777||	0.236905045231509	1.e-13
550	e112|23|45|e44|6|677|77||	-2.419953550	7.86e-7
551	e112|23|45|e45|56|7|777||	0.030907843	3.07e-7
552	e112|23|45|e45|66|77|77||	-0.295633714	1.48e-7
553	e112|23|45|e45|67|67|77||	-0.334269090	8.57e-7
554	e112|23|45|e46|55|7|777||	0.0359934132	5.12e-8
555	e112|23|45|e46|56|77|77||	-0.823202495	3.01e-7
556	e112|23|45|e46|57|67|77||	-1.23201994	3.83e-6
557	e112|23|45|e46|66|777|7||	0.0359933080	5.13e-8
558	e112|23|45|e46|67|677|7||	-1.23202811	5.29e-6
559	e112|23|45|e46|77|667|7||	-0.8855183	2.06e-5
560	e112|23|45|e66|557|7|77||	-0.604017636	2.13e-7
561	e112|23|45|e66|567|77|7||	-1.240168880	4.25e-7
562	e112|23|45|e66|667|777|||	0.0328498419	1.18e-8
563	e112|23|45|e66|677|677|||	-0.399288213	1.59e-7
564	e112|23|45|e67|556|7|77||	-0.69020165	1.48e-6
565	e112|23|45|e67|566|77|7||	-0.410813109	1.69e-7
566	e112|23|45|e67|567|67|7||	-0.38123975	2.e-6
567	e112|23|45|e67|666|777|||	-0.00051330022	1.12e-9
568	e112|23|45|e67|667|677|||	-0.39624424	1.52e-6
569	e112|23|45|445|e|67|777||	0.234588796822736	1.e-13
570	e112|23|45|445|6|e7|777||	0.0332263379	4.75e-8
571	e112|23|45|445|6|67|77|e|	-0.67662967	2.64e-6
572	e112|23|45|445|6|77|e77||	-0.884576399	8.35e-7
573	e112|23|45|446|e|677|77||	-2.40709241	5.08e-6
574	e112|23|45|446|5|e7|777||	0.0332459733	2.34e-8
575	e112|23|45|446|5|67|77|e|	-0.6848522	1.3e-5
576	e112|23|45|446|5|77|e77||	-0.895846537	7.71e-7
577	e112|23|45|446|6|e77|77||	-1.014179787	5.41e-7
578	e112|23|45|446|6|677|7|e|	-1.55252101	5.7e-6
579	e112|23|45|446|6|777|e7||	0.0312327437	3.5e-8
580	e112|23|45|446|7|e67|77||	-1.18567775	4.17e-6
581	e112|23|45|446|7|667|7|e|	-1.14424365	5.37e-6
582	e112|23|45|446|7|677|e7||	-1.14899319	5.76e-6
583	e112|23|45|456|e5|7|777||	0.058526663	9.41e-7
584	e112|23|45|456|e6|77|77||	-0.789651112	6.31e-7
585	e112|23|45|456|e7|67|77||	-1.17598577	7.98e-6
586	e112|23|45|456|56|7|77|e|	-1.2353765	1.25e-5
587	e112|23|45|456|57|7|e77||	-0.62076292	3.78e-6
588	e112|23|45|456|66|77|7|e|	-1.07988293	4.98e-6
589	e112|23|45|456|67|67|7|e|	-0.65787990	4.45e-6
590	e112|23|45|456|67|77|e7||	-0.9895606	1.15e-5
591	e112|23|45|466|e5|77|77||	-0.605173344	5.74e-7
592	e112|23|45|466|e6|777|7||	0.0335951490	5.1e-8
593	e112|23|45|466|e7|677|7||	-0.88036980	5.98e-6
594	e112|23|45|466|55|7|77|e|	-1.02546286	1.41e-6
595	e112|23|45|466|56|77|7|e|	-1.11402077	3.04e-6
596	e112|23|45|466|57|e7|77||	-0.832650209	5.33e-7
597	e112|23|45|466|57|67|7|e|	-1.02656508	5.56e-6
598	e112|23|45|466|57|77|e7||	-1.17506011	3.64e-6
599	e112|23|45|466|67|e77|7||	-1.14933847	1.08e-6
600	e112|23|45|466|67|677||e|	-1.08614820	5.39e-6
601	e112|23|45|466|67|777|e||	0.0257157596	2.93e-8
602	e112|23|45|466|77|e67|7||	-0.804794990	8.68e-7
603	e112|23|45|466|77|667||e|	-0.724317875	6.96e-7
604	e112|23|45|466|77|677|e||	-0.763790309	6.94e-7
605	e112|23|45|467|e5|67|77||	-0.67629543	1.68e-6
606	e112|23|45|467|e6|677|7||	-1.19649381	6.15e-6
607	e112|23|45|467|55|e|777||	0.161567944986187	1.e-13
608	e112|23|45|467|56|e7|77||	-1.21967502	7.44e-6
609	e112|23|45|467|56|67|7|e|	-1.35377092	9.02e-6
610	e112|23|45|467|56|77|e7||	-1.0043437	1.21e-5
611	e112|23|45|467|66|e77|7||	-1.12786161	1.13e-6
612	e112|23|45|467|66|677||e|	-1.06978418	4.96e-6
613	e112|23|45|467|66|777|e||	0.0212465732	2.63e-8
614	e112|23|45|467|67|e67|7||	-0.71848950	8.1e-6
615	e112|23|45|467|67|667||e|	-0.97269743	5.59e-6
616	e112|23|45|666|e57|77|7||	0.0310248788	2.84e-8
617	e112|23|45|666|e67|777|||	-0.00096393072	1.88e-9
618	e112|23|45|666|e77|677|||	0.0250306413	2.1e-8
619	e112|23|45|666|557|7|7|e|	0.0150138342	2.4e-8
620	e112|23|45|667|e55|7|77||	-1.67915411	4.57e-6
621	e112|23|45|667|e56|77|7||	-0.90479900	4.95e-6
622	e112|23|45|667|e57|67|7||	-1.26615235	3.67e-6
623	e112|23|45|667|e66|777|||	0.0268130600	6.45e-8
624	e112|23|45|667|e67|677|||	-0.78431624	7.47e-6
625	e112|23|45|667|e77|667|||	-0.74902028	4.68e-6
626	e112|23|45|667|556|7|7|e|	-1.33535956	5.5e-6
627	e112|23|45|667|557|7|e7||	-0.46178972	1.12e-6
628	e112|23|45|667|566|77||e|	-0.733593879	8.17e-7
629	e112|23|45|667|567|67||e|	-0.50759577	2.96e-6
630	e112|23|45|667|567|77|e||	-1.15981918	3.85e-6
631	e112|33|e34|4|55|67|777||	0.1549939606554086696956843016	1.e-25
632	e112|33|e34|4|56|677|77||	-1.3293573207305903686125513336	1.e-25
633	e112|33|e34|5|556|7|777||	0.0780492440	7.27e-8
634	e112|33|e34|5|566|77|77||	-0.763801733281538	1.e-13
635	e112|33|e34|5|567|67|77||	-0.930121880	7.14e-7
636	e112|33|e34|5|666|777|7||	-0.000618488996101	1.e-13
637	e112|33|e34|5|667|677|7||	-1.27139573	4.43e-6
638	e112|33|e44|45|5|67|777||	0.1520376826803198637978098149	1.e-25
639	e112|33|e44|45|6|677|77||	-1.555714366247270	1.e-13
640	e112|33|e44|55|56|7|777||	0.020769411892768	1.e-13
641	e112|33|e44|55|66|77|77||	-0.1931596959277640858142370086	1.e-25
642	e112|33|e44|55|67|67|77||	-0.391739942139815	1.e-13
643	e112|33|e44|56|55|7|777||	0.010384705946384	1.e-13
644	e112|33|e44|56|56|77|77||	-0.257093041426873	1.e-13
645	e112|33|e44|56|57|67|77||	-0.798252369859063	1.e-13
646	e112|33|e44|56|77|667|7||	-0.195869971069907	1.e-13
647	e112|33|e45|44|5|67|777||	0.1520376826803198637978098149	1.e-25
648	e112|33|e45|44|6|677|77||	-1.555714366247270	1.e-13
649	e112|33|e45|45|56|7|777||	0.0194678224	3.25e-8
650	e112|33|e45|45|66|77|77||	-0.188402805089460	1.e-13
651	e112|33|e45|45|67|67|77||	-0.212635627	1.82e-7
652	e112|33|e45|46|55|7|777||	0.0224824164	1.24e-8
653	e112|33|e45|46|56|77|77||	-0.524356005770359	1.e-13
654	e112|33|e45|46|57|67|77||	-0.784321526	7.65e-7
655	e112|33|e45|46|66|777|7||	0.0224824207	1.26e-8
656	e112|33|e45|46|67|677|7||	-0.784321287	6.11e-7
657	e112|33|e45|46|77|667|7||	-0.564560836	4.4e-7
658	e112|33|e45|66|557|7|77||	-0.391739942139815	1.e-13
659	e112|33|e45|66|567|77|7||	-0.798252369859063	1.e-13
660	e112|33|e45|66|667|777|||	0.020769411892768	1.e-13
661	e112|33|e45|66|677|677|||	-0.257093041426873	1.e-13
662	e112|33|e45|67|556|7|77||	-0.445049992	2.34e-7
663	e112|33|e45|67|566|77|7||	-0.262032264697229	1.e-13
664	e112|33|e45|67|567|67|7||	-0.242597471	3.15e-7
665	e112|33|e45|67|666|777|||	-0.000304997095593	1.e-13
666	e112|33|e45|67|667|677|||	-0.252663364	2.13e-7
667	e112|33|344|e|55|67|777||	0.0621252511957818463484816311	1.e-25
668	e112|33|344|e|56|677|77||	-0.5328379062649465658481180499	1.e-25
669	e112|33|344|5|e5|67|777||	0.188118227888902	1.e-13
670	e112|33|344|5|e6|677|77||	-1.951304169	7.19e-7
671	e112|33|344|5|56|e7|777||	0.0311211791	1.8e-8
672	e112|33|344|5|56|77|e77||	-0.368918355	2.7e-7
673	e112|33|344|5|66|e77|77||	-0.539636576453718	1.e-13
674	e112|33|344|5|66|777|e7||	0.015004877860899	1.e-13
675	e112|33|344|5|67|e67|77||	-0.552882713	3.16e-7
676	e112|33|344|5|67|667|7|e|	-0.985112339	8.77e-7
677	e112|33|345|e|556|7|777||	0.0274538661	1.46e-8
678	e112|33|345|e|566|77|77||	-0.231904303437444	1.e-13
679	e112|33|345|e|567|67|77||	-0.289051375	4.9e-7
680	e112|33|345|e|666|777|7||	-0.000839253878602	1.e-13
681	e112|33|345|e|667|677|7||	-0.383189188	6.9e-7
682	e112|33|345|4|e5|67|777||	0.220422702224233	1.e-13
683	e112|33|345|4|e6|677|77||	-2.24577077	1.16e-6
684	e112|33|345|4|56|e7|777||	0.0474999139	4.62e-8
685	e112|33|345|4|56|77|e77||	-0.515048101	6.02e-7
686	e112|33|345|4|66|e77|77||	-0.722543245217085	1.e-13
687	e112|33|345|4|66|777|e7||	0.025485579474226	1.e-13
688	e112|33|345|4|67|e67|77||	-0.753463918	5.8e-7
689	e112|33|345|4|67|667|7|e|	-1.35983007	1.68e-6
690	e112|33|345|6|e56|77|77||	-0.708108111	5.09e-7
691	e112|33|345|6|e57|67|77||	-1.089236266	9.45e-7
692	e112|33|345|6|e66|777|7||	0.0265731163	3.83e-8
693	e112|33|345|6|e67|677|7||	-1.05754766	1.01e-6
694	e112|33|345|6|e77|667|7||	-0.921630944	7.22e-7
695	e112|33|345|6|556|7|77|e|	-0.972795991	7.08e-7
696	e112|33|345|6|557|7|e77||	-0.552882728	3.16e-7
697	e112|33|345|6|566|77|7|e|	-0.844946128	8.28e-7
698	e112|33|345|6|567|67|7|e|	-0.64823605	3.06e-6
699	e112|33|345|6|567|77|e7||	-1.146423934	6.56e-7
700	e112|33|345|6|667|677||e|	-0.836448068	6.8e-7
701	e112|33|345|6|667|777|e||	0.0311211911	1.81e-8
702	e112|33|345|6|677|677|e||	-0.368976891	3.16e-7
703	e112|33|444|e5|5|67|777||	-0.0026464030638657273008173733	1.e-25
704	e112|33|444|e5|6|677|77||	0.027267031268161	1.e-13
705	e112|33|444|55|6|e7|777||	-0.0001337042768601863824279777	1.e-25
706	e112|33|444|55|6|77|e77||	0.0038841831026000158386486305	1.e-25
707	e112|33|444|56|5|e7|777||	-0.000519701128984	1.e-13
708	e112|33|444|56|7|e67|77||	0.018476453171287	1.e-13
709	e112|33|444|56|7|667|7|e|	0.008256000423653	1.e-13
710	e112|33|445|e4|5|67|777||	0.079294101446231	1.e-13
711	e112|33|445|e4|6|677|77||	-0.757140439	2.6e-7
712	e112|33|445|e5|56|7|777||	0.0511421516	2.09e-8
713	e112|33|445|e5|66|77|77||	-0.203895404979802	1.e-13
714	e112|33|445|e5|67|67|77||	-0.471011234	2.37e-7
715	e112|33|445|e6|56|77|77||	-0.634553130	2.39e-7
716	e112|33|445|e6|57|67|77||	-0.504562555	2.06e-7
717	e112|33|445|e6|66|777|7||	0.014869352011843	1.e-13
718	e112|33|445|e6|67|677|7||	-0.872085560	4.52e-7
719	e112|33|445|45|e|67|777||	0.153616143419308	1.e-13
720	e112|33|445|45|6|e7|777||	0.0213798948	1.55e-8
721	e112|33|445|45|6|77|e77||	-0.289326758	4.57e-7
722	e112|33|445|46|e|677|77||	-1.579400612	8.09e-7
723	e112|33|445|46|5|e7|777||	0.0199538883	2.65e-8
724	e112|33|445|46|5|77|e77||	-0.674934327	3.33e-7
725	e112|33|445|46|6|e77|77||	-0.292862127744486	1.e-13
726	e112|33|445|46|6|777|e7||	0.021362234548652	1.e-13
727	e112|33|445|46|7|e67|77||	-0.751605350	6.35e-7
728	e112|33|445|46|7|667|7|e|	-0.74951097	1.06e-6
729	e112|33|445|46|7|677|e7||	-0.78622419	1.07e-6
730	e112|33|445|55|e6|7|777||	0.016988271875989	1.e-13
731	e112|33|445|55|66|7|77|e|	-0.263022438314681	1.e-13
732	e112|33|445|55|67|e|777||	0.0784121850146100032954122330	1.e-25
733	e112|33|445|56|e6|77|77||	-0.496918703	2.71e-7
734	e112|33|445|56|e7|67|77||	-0.763674719	4.91e-7
735	e112|33|445|56|56|7|77|e|	-0.72131296	1.06e-6
736	e112|33|445|56|57|e|777||	0.0215356397	3.29e-8
737	e112|33|445|56|57|6|77|e|	-0.739198526	5.65e-7
738	e112|33|445|56|57|7|e77||	-0.770113078	9.42e-7
739	e112|33|445|56|66|77|7|e|	-0.480666037	4.15e-7
740	e112|33|445|56|67|e7|77||	-0.585974738	6.68e-7
741	e112|33|445|56|67|67|7|e|	-0.67266586	2.69e-6
742	e112|33|445|56|67|77|e7||	-0.536514823	7.04e-7
743	e112|33|445|56|77|e6|77||	-0.40567423530101	1.e-12
744	e112|33|445|56|77|67|e7||	-0.559953864	6.1e-7
745	e112|33|445|66|e6|777|7||	0.017850078584661	1.e-13
746	e112|33|445|66|e7|677|7||	-0.699727911	3.28e-7
747	e112|33|445|66|55|7|77|e|	-0.943138091462793	1.e-13
748	e112|33|445|66|56|77|7|e|	-0.681933049	4.32e-7
749	e112|33|445|66|57|e7|77||	-0.723057363597535	1.e-13
750	e112|33|445|66|57|67|7|e|	-0.811992657	5.9e-7
751	e112|33|445|66|57|77|e7||	-0.672032994	2.92e-7
752	e112|33|445|66|67|e77|7||	-0.613754438913281	1.e-13
753	e112|33|445|66|67|677||e|	-0.607954536	9.91e-7
754	e112|33|445|66|67|777|e||	0.039988683405169	1.e-13
755	e112|33|445|66|77|e67|7||	-0.526612876627990	1.e-13
756	e112|33|445|66|77|677|e||	-0.403224719064039	1.e-13
757	e112|33|445|67|e6|677|7||	-0.754597224	6.04e-7
758	e112|33|445|67|56|e7|77||	-0.879421752	8.03e-7
759	e112|33|445|67|56|67|7|e|	-0.852881793	6.14e-7
760	e112|33|445|67|56|77|e7||	-0.608411301	4.09e-7
761	e112|33|445|67|66|e77|7||	-0.486455790364831	1.e-13
762	e112|33|445|67|66|677||e|	-0.501775234	3.07e-7
763	e112|33|445|67|66|777|e||	0.008550927277726	1.e-13
764	e112|33|445|67|67|e67|7||	-0.332551885	4.36e-7
765	e112|33|445|67|67|667||e|	-0.52327328	1.06e-6
766	e112|33|456|e4|56|77|77||	-0.191610533	1.04e-7
767	e112|33|456|e4|57|67|77||	-0.596231518	3.03e-7
768	e112|33|456|e7|567|67|7||	-0.128775976	5.92e-7
769	e112|33|456|44|e|677|77||	-0.6725282181503877776189810984	1.e-25
770	e112|33|456|44|5|e7|777||	0.032291643094618	1.e-13
771	e112|33|456|44|7|e67|77||	-0.956090844	6.81e-7
772	e112|33|456|44|7|667|7|e|	-0.543271326	3.83e-7
773	e112|33|456|45|e5|7|777||	0.0379816743	6.23e-8
774	e112|33|456|45|e6|77|77||	-0.52036769	1.01e-6
775	e112|33|456|45|e7|67|77||	-0.77502411	1.24e-6
776	e112|33|456|45|56|7|77|e|	-0.79996585	1.55e-6
777	e112|33|456|45|57|7|e77||	-0.401357697	5.44e-7
778	e112|33|456|45|66|77|7|e|	-0.710660519	6.34e-7
779	e112|33|456|45|67|67|7|e|	-0.4262360	1.08e-5
780	e112|33|456|45|67|77|e7||	-0.640313547	7.96e-7
781	e112|33|456|47|e5|67|77||	-0.78874415	1.06e-6
782	e112|33|456|47|e7|667|7||	-0.450959998	3.5e-7
783	e112|33|456|47|55|6|77|e|	-0.749957640	9.55e-7
784	e112|33|456|47|55|7|e77||	-0.703907442	8.72e-7
785	e112|33|456|47|56|e7|77||	-0.630413468	9.73e-7
786	e112|33|456|47|56|67|7|e|	-0.47411455	2.95e-6
787	e112|33|456|47|57|e6|77||	-0.65017161	1.12e-6
788	e112|33|456|47|57|66|7|e|	-0.814893283	5.88e-7
789	e112|33|456|47|57|67|e7||	-0.875460024	9.72e-7
790	e112|33|456|77|e56|67|7||	-0.45953227	1.11e-6
791	e112|33|456|77|e57|66|7||	-0.77443311	1.15e-6
792	e112|33|456|77|e77|666|||	0.0896416582908408438362709705	1.e-25
793	e112|33|456|77|556|6|7|e|	-0.488190828	3.37e-7
794	e112|34|e33|4|55|67|777||	0.0774969803277043348478421508	1.e-25
795	e112|34|e33|4|56|677|77||	-0.6646786603652951843062756668	1.e-25
796	e112|34|e33|5|556|7|777||	0.0390245563	3.64e-8
797	e112|34|e33|5|566|77|77||	-0.381900866640769	1.e-13
798	e112|34|e33|5|567|67|77||	-0.465061409	3.6e-7
799	e112|34|e33|5|666|777|7||	-0.000309244498051	1.e-13
800	e112|34|e33|5|667|677|7||	-0.63570333	2.27e-6
801	e112|34|e34|45|5|67|777||	0.079083244387102	1.e-13
802	e112|34|e34|45|6|677|77||	-0.782995922	4.69e-7
803	e112|34|e34|55|56|7|777||	0.0266009503	5.58e-8
804	e112|34|e34|55|66|77|77||	-0.146686232809626	1.e-13
805	e112|34|e34|55|67|67|77||	-0.324745769	2.88e-7
806	e112|34|e34|56|56|77|77||	-0.122009573	2.42e-7
807	e112|34|e34|56|57|67|77||	-0.380563184	2.54e-7
808	e112|34|e35|44|5|67|777||	0.192530788863801	1.e-13
809	e112|34|e35|44|6|677|77||	-1.9819596	1.28e-5
810	e112|34|e35|45|56|7|777||	0.0393200564	4.4e-8
811	e112|34|e35|45|66|77|77||	-0.383324100512462	1.e-13
812	e112|34|e35|45|67|67|77||	-0.432103294	2.69e-7
813	e112|34|e35|46|55|7|777||	0.0233139984	5.13e-8
814	e112|34|e35|46|56|77|77||	-0.497212500	5.29e-7
815	e112|34|e35|46|57|67|77||	-0.729145962	8.55e-7
816	e112|34|e35|46|66|777|7||	0.0227404618	5.14e-8
817	e112|34|e35|46|67|677|7||	-0.769965612	6.99e-7
818	e112|34|e35|46|77|667|7||	-0.553440643	4.41e-7
819	e112|34|e35|55|567||777||	0.192530788863801	1.e-13
820	e112|34|e35|55|667|7|77||	-1.98195853	5.35e-6
821	e112|34|e35|56|557||777||	0.0233139055	5.e-8
822	e112|34|e35|56|567|7|77||	-0.729147180	8.58e-7
823	e112|34|e35|56|577|6|77||	-0.497213686	5.31e-7
824	e112|34|e35|56|667|77|7||	-0.553440226	4.43e-7
825	e112|34|e35|56|677|67|7||	-0.769964737	6.98e-7
826	e112|34|e35|56|777|66|7||	0.0227404825	4.82e-8
827	e112|34|e35|66|557|7|77||	-0.4295677	1.29e-5
828	e112|34|e35|66|567|77|7||	-0.57507471	3.62e-6
829	e112|34|e35|66|577|67|7||	-0.57507328	3.13e-6
830	e112|34|e35|66|667|777|||	0.0146312880	1.08e-8
831	e112|34|e35|66|677|677|||	-0.384086629	2.65e-7
832	e112|34|e35|66|777|667|||	0.0146312518	1.04e-8
833	e112|34|e35|67|555||777||	-0.00376066774023	1.e-12
834	e112|34|e35|67|556|7|77||	-0.554846050	9.27e-7
835	e112|34|e35|67|566|77|7||	-0.48126850	2.18e-6
836	e112|34|e35|67|567|67|7||	-0.42498413	4.23e-6
837	e112|34|e35|67|666|777|||	-0.001070413656	4.26e-10
838	e112|34|e35|67|667|677|||	-0.475431130	7.92e-7
839	e112|34|e55|445|6|7|777||	0.0224824046	1.28e-8
840	e112|34|e55|446|7|67|77||	-0.222525117	1.17e-7
841	e112|34|e55|456|57||777||	0.0097339163	1.59e-8
842	e112|34|e55|456|67|7|77||	-0.784320433	9.25e-7
843	e112|34|e55|456|77|6|77||	-0.262178002885180	1.e-13
844	e112|34|e55|466|77|67|7||	-0.131016132348615	1.e-13
845	e112|34|e55|467|67|67|7||	-0.121298295	1.72e-7
846	e112|34|e55|566|577||77||	-0.094201402544730	1.e-13
847	e112|34|e55|566|677|7|7||	-0.28227934	1.02e-6
848	e112|34|e55|567|567||77||	-0.1063179387	8.88e-8
849	e112|34|e55|666|777|67|||	-0.000152498547797	1.e-13
850	e112|34|e55|667|677|67|||	-0.126331770	1.28e-7
851	e112|34|e56|445|5|7|777||	0.0209578141	1.29e-8
852	e112|34|e56|445|6|77|77||	-0.30551499	1.65e-6
853	e112|34|e56|445|7|67|77||	-0.938886355	7.38e-7
854	e112|34|e56|447|7|667|7||	-0.397006581	2.93e-7
855	e112|34|e56|455|57||777||	0.0227636265	5.23e-8
856	e112|34|e56|455|67|7|77||	-0.553655227	3.97e-7
857	e112|34|e56|455|77|6|77||	-0.383440924683663	1.e-13
858	e112|34|e56|456|57|7|77||	-0.604817723	6.73e-7
859	e112|34|e56|456|77|67|7||	-0.316201223	2.84e-7
860	e112|34|e56|457|57|6|77||	-0.316201669	2.84e-7
861	e112|34|e56|457|67|67|7||	-0.423257170	4.12e-7
862	e112|34|e56|457|77|66|7||	-0.938885864	7.16e-7
863	e112|34|e56|555|677||77||	0.0382282750	4.05e-8
864	e112|34|e56|556|577||77||	-0.360103206	3.88e-7
865	e112|34|e56|556|677|7|7||	-0.532110623	6.08e-7
866	e112|34|e56|556|777|6|7||	0.0227634961	4.91e-8
867	e112|34|e56|557|567||77||	-0.532110383	5.08e-7
868	e112|34|e56|557|667|7|7||	-0.318291937	2.82e-7
869	e112|34|e56|557|677|6|7||	-0.553654138	4.79e-7
870	e112|34|e56|567|567|7|7||	-0.18707551	1.85e-6
871	e112|34|e56|567|577|6|7||	-0.604816838	5.84e-7
872	e112|34|e56|567|777|66|||	0.0209577963	1.34e-8
873	e112|34|e56|577|677|66|||	-0.30551134	2.03e-6
874	e112|34|334|e|55|67|777||	0.078140609444652	1.e-13
875	e112|34|334|e|56|677|77||	-0.670198959832651	1.e-13
876	e112|34|334|5|e5|67|777||	0.177640310453884	1.e-13
877	e112|34|334|5|e6|677|77||	-1.82550264	3.74e-6
878	e112|34|334|5|56|e7|777||	0.0357953422	4.63e-8
879	e112|34|334|5|66|777|e7||	0.0185514132	1.94e-8
880	e112|34|334|5|67|e67|77||	-0.62472633	4.97e-6
881	e112|34|334|5|67|667|7|e|	-1.10499733	5.21e-6
882	e112|34|335|e|556|7|777||	0.0394286572	3.64e-8
883	e112|34|335|e|566|77|77||	-0.387130688	2.4e-7
884	e112|34|335|e|567|67|77||	-0.47117303	2.1e-6
885	e112|34|335|e|666|777|7||	-0.000290716408541	1.e-13
886	e112|34|335|e|667|677|7||	-0.64450537	2.03e-6
887	e112|34|335|4|e5|67|777||	0.181092184742512	1.e-13
888	e112|34|335|4|e6|677|77||	-1.862277693	9.02e-7
889	e112|34|335|4|56|e7|777||	0.0359971350	3.56e-8
890	e112|34|335|4|66|777|e7||	0.018590370779562	1.e-13
891	e112|34|335|4|67|e67|77||	-0.630357946	5.51e-7
892	e112|34|335|4|67|667|7|e|	-1.11648757	1.39e-6
893	e112|34|335|5|e56|7|777||	0.0388767350	4.74e-8
894	e112|34|335|5|e67|67|77||	-0.7131552	1.43e-5
895	e112|34|335|5|567|e|777||	0.260647678897981	1.e-13
896	e112|34|335|5|666|77|7|e|	0.0176859869	2.57e-8
897	e112|34|335|5|667|e7|77||	-2.71713891	8.06e-6
898	e112|34|335|5|667|67|7|e|	-1.29292435	6.53e-6
899	e112|34|335|6|e55|7|777||	0.0209740353	1.79e-8
900	e112|34|335|6|e56|77|77||	-0.561078542	5.81e-7
901	e112|34|335|6|e57|67|77||	-0.86088571	6.54e-6
902	e112|34|335|6|e66|777|7||	0.0209440983	1.38e-8
903	e112|34|335|6|e67|677|7||	-0.86206831	6.82e-6
904	e112|34|335|6|e77|667|7||	-0.80578392	1.9e-6
905	e112|34|335|6|556|7|77|e|	-0.341409579	5.14e-7
906	e112|34|335|6|557|e|777||	0.0197587115	2.48e-8
907	e112|34|335|6|557|6|77|e|	-0.68524514	6.1e-6
908	e112|34|335|6|557|7|e77||	-0.76418203	5.48e-6
909	e112|34|335|6|567|e7|77||	-0.855010226	9.56e-7
910	e112|34|335|6|567|67|7|e|	-1.0002861	1.05e-5
911	e112|34|335|6|567|77|e7||	-0.85552059	7.07e-6
912	e112|34|335|6|577|e6|77||	-0.57029305	3.99e-6
913	e112|34|335|6|577|66|7|e|	-0.36114515	1.05e-6
914	e112|34|335|6|577|67|e7||	-0.87396837	6.83e-6
915	e112|34|335|6|667|e77|7||	-0.767038714	7.28e-7
916	e112|34|335|6|667|677||e|	-0.34391783	1.99e-6
917	e112|34|335|6|667|777|e||	0.0196393364	1.84e-8
918	e112|34|335|6|677|e67|7||	-0.874634762	9.02e-7
919	e112|34|335|6|677|667||e|	-0.361234643	5.92e-7
920	e112|34|335|6|677|677|e||	-0.570693061	6.11e-7
921	e112|34|335|6|777|e66|7||	0.0090534441	1.13e-8
922	e112|34|335|6|777|667|e||	0.0090087453	1.32e-8
923	e112|34|345|e4|5|67|777||	0.16422275785	1.e-9
924	e112|34|345|e4|6|677|77||	-1.63164203	1.03e-6
925	e112|34|345|e5|56|7|777||	0.03903136	2.02e-6
926	e112|34|345|e5|66|77|77||	-0.384094155	6.57e-7
927	e112|34|345|e5|67|67|77||	-0.43245837	1.56e-6
928	e112|34|345|e6|55|7|777||	0.0226098091	4.05e-8
929	e112|34|345|e6|56|77|77||	-0.495915449	9.97e-7
930	e112|34|345|e6|57|67|77||	-0.76533632	3.33e-6
931	e112|34|345|e6|66|777|7||	0.0231624428	4.15e-8
932	e112|34|345|e6|67|677|7||	-0.73024861	5.74e-6
933	e112|34|345|e6|77|667|7||	-0.55371079	2.1e-6
934	e112|34|345|45|6|e7|777||	0.0285803314	5.35e-8
935	e112|34|345|46|6|777|e7||	0.0142691534	3.44e-8
936	e112|34|345|46|7|e67|77||	-0.49443627	2.13e-6
937	e112|34|345|46|7|667|7|e|	-0.98976831	6.02e-6
938	e112|34|345|56|56|7|77|e|	-0.19501196	3.21e-6
939	e112|34|345|56|57|e|777||	0.014829810	3.13e-7
940	e112|34|345|56|57|6|77|e|	-0.79779287	8.46e-6
941	e112|34|345|56|66|77|7|e|	-0.61211445	2.41e-6
942	e112|34|345|56|67|e7|77||	-0.70511274	4.34e-6
943	e112|34|345|56|67|67|7|e|	-0.8147137	1.18e-5
944	e112|34|345|56|67|77|e7||	-0.60143706	6.53e-6
945	e112|34|345|56|77|e6|77||	-0.495861992	3.81e-7
946	e112|34|345|56|77|66|7|e|	-0.77220985	2.8e-6
947	e112|34|345|56|77|67|e7||	-0.64811520	2.95e-6
948	e112|34|345|66|67|e77|7||	-0.602490294	7.38e-7
949	e112|34|345|66|67|677||e|	-0.29772496	1.85e-6
950	e112|34|345|66|67|777|e||	0.0176010989	2.49e-8
951	e112|34|345|66|77|e67|7||	-0.244285866	3.6e-7
952	e112|34|345|66|77|667||e|	-0.512569988	5.76e-7
953	e112|34|345|67|67|e67|7||	-0.19313854	4.54e-6
954	e112|34|345|67|67|667||e|	-0.28340476	3.83e-6
955	e112|34|355|e4|56|7|777||	0.0273502047	3.23e-8
956	e112|34|355|e4|66|77|77||	-0.31513860192855	1.e-12
957	e112|34|355|e4|67|67|77||	-0.346478291	3.03e-7
958	e112|34|355|e5|567||777||	0.197523772710380	1.e-13
959	e112|34|355|e5|667|7|77||	-2.03662866	4.25e-6
960	e112|34|355|e6|557||777||	0.0149957875	1.81e-8
961	e112|34|355|e6|567|7|77||	-0.59164452	1.23e-6
962	e112|34|355|e6|577|6|77||	-0.3953998	1.42e-5
963	e112|34|355|e6|667|77|7||	-0.452373408	5.33e-7
964	e112|34|355|e6|677|67|7||	-0.59536382	1.5e-6
965	e112|34|355|e6|777|66|7||	0.0149182318	2.32e-8
966	e112|34|355|44|6|e7|777||	0.0198898968	1.34e-8
967	e112|34|355|45|e6|7|777||	0.0231610468	1.42e-8
968	e112|34|355|46|e5|7|777||	0.023766391	1.21e-7
969	e112|34|355|46|e6|77|77||	-0.409288299	3.74e-7
970	e112|34|355|46|e7|67|77||	-0.58228199	1.4e-6
971	e112|34|355|46|56|7|77|e|	-0.3154051	1.07e-5
972	e112|34|355|46|57|e|777||	0.0371210867	5.98e-8
973	e112|34|355|46|57|7|e77||	-0.61885593	3.4e-6
974	e112|34|355|46|67|e7|77||	-0.80057987	2.66e-6
975	e112|34|355|46|67|67|7|e|	-0.67526670	2.77e-6
976	e112|34|355|46|67|77|e7||	-0.52352365	2.74e-6
977	e112|34|355|46|77|e6|77||	-0.529354847	3.12e-7
978	e112|34|355|46|77|66|7|e|	-0.267145636	3.23e-7
979	e112|34|355|46|77|67|e7||	-0.50554759	3.89e-6
980	e112|34|355|56|e57||777||	0.0232168051	4.28e-8
981	e112|34|355|56|e67|7|77||	-0.91137121	6.99e-6
982	e112|34|355|56|667|7|7|e|	-0.92531544	4.92e-6
983	e112|34|355|56|677|7|e7||	-0.90645941	5.63e-6
984	e112|34|355|56|777|6|e7||	0.0208446478	5.49e-8
985	e112|34|355|66|e57|7|77||	-0.390258389	6.63e-7
986	e112|34|355|66|e67|77|7||	-0.398112642	2.95e-7
987	e112|34|355|66|e77|67|7||	-0.519670205	3.82e-7
988	e112|34|355|66|567|7|7|e|	-0.50471333	3.75e-6
989	e112|34|355|66|577|e|77||	-0.385072672	2.46e-7
990	e112|34|355|66|577|6|7|e|	-0.25510540	3.98e-6
991	e112|34|355|66|577|7|e7||	-0.57174560	2.1e-6
992	e112|34|355|66|677|e7|7||	-0.57565408	1.72e-6
993	e112|34|355|66|677|67||e|	-0.25600293	1.24e-6
994	e112|34|355|66|677|77|e||	-0.194772942	3.05e-7
995	e112|34|355|67|e56|7|77||	-0.5634208	1.56e-5
996	e112|34|355|67|e67|67|7||	-0.32145305	1.43e-6
997	e112|34|355|67|566|7|7|e|	-0.48973647	9.22e-6
998	e112|34|355|67|567|e|77||	-0.43018160	1.44e-6
999	e112|34|355|67|567|6|7|e|	-0.62585929	6.64e-6
1000	e112|34|355|67|667|e7|7||	-0.77986095	1.57e-6
1001	e112|34|355|67|667|67||e|	-0.47522449	2.09e-6
1002	e112|34|356|e4|55|7|777||	0.0273502643	1.77e-8
1003	e112|34|356|e4|56|77|77||	-0.257396488	1.22e-7
1004	e112|34|356|e4|57|67|77||	-0.802803866	4.44e-7
1005	e112|34|356|e4|77|667|7||	-0.346477512	2.04e-7
1006	e112|34|356|e5|557||777||	0.0232353763	2.32e-8
1007	e112|34|356|e5|567|7|77||	-0.74099734	1.56e-6
1008	e112|34|356|e5|577|6|77||	-0.506086627	5.66e-7
1009	e112|34|356|e5|667|77|7||	-0.55982200	1.04e-6
1010	e112|34|356|e5|677|67|7||	-0.78193818	1.52e-6
1011	e112|34|356|e5|777|66|7||	0.0225414120	2.16e-8
1012	e112|34|356|e7|555||777||	-0.000983345806	6.31e-10
1013	e112|34|356|e7|556|7|77||	-0.48042149	1.24e-6
1014	e112|34|356|e7|557|6|77||	-0.487341101	8.24e-7
1015	e112|34|356|e7|567|67|7||	-0.43141464	2.75e-6
1016	e112|34|356|e7|577|66|7||	-0.57826692	1.24e-6
1017	e112|34|356|e7|777|666|||	-0.006073110533769	1.e-13
1018	e112|34|356|44|5|e7|777||	0.0387986048	3.68e-8
1019	e112|34|356|44|7|e67|77||	-1.21780297	4.14e-6
1020	e112|34|356|44|7|667|7|e|	-0.69742547	1.95e-6
1021	e112|34|356|45|e5|7|777||	0.0402828164	1.65e-8
1022	e112|34|356|45|e6|77|77||	-0.513637448	2.36e-7
1023	e112|34|356|45|e7|67|77||	-0.79433866	7.21e-6
1024	e112|34|356|45|57|e|777||	0.0298105125	4.06e-8
1025	e112|34|356|45|57|6|77|e|	-0.40862277	3.66e-6
1026	e112|34|356|45|57|7|e77||	-0.408346224	2.84e-7
1027	e112|34|356|45|67|e7|77||	-0.71659294	4.22e-6
1028	e112|34|356|45|67|67|7|e|	-0.8297436	1.29e-5
1029	e112|34|356|45|67|77|e7||	-0.611722503	7.87e-7
1030	e112|34|356|45|77|e6|77||	-0.50389203	1.31e-6
1031	e112|34|356|45|77|66|7|e|	-0.796030918	4.23e-7
1032	e112|34|356|45|77|67|e7||	-0.659431818	5.63e-7
1033	e112|34|356|47|e5|67|77||	-0.75696840	6.61e-6
1034	e112|34|356|47|e7|667|7||	-0.45829257	5.39e-6
1035	e112|34|356|47|55|e|777||	0.0177144538	2.14e-8
1036	e112|34|356|47|55|6|77|e|	-0.304726288	6.74e-7
1037	e112|34|356|47|56|e7|77||	-0.57644519	2.89e-6
1038	e112|34|356|47|56|67|7|e|	-0.39280096	2.33e-6
1039	e112|34|356|47|57|e6|77||	-0.61437055	5.82e-6
1040	e112|34|356|47|57|66|7|e|	-0.73599129	3.54e-6
1041	e112|34|356|47|57|67|e7||	-0.83359473	3.4e-6
1042	e112|34|356|55|e57||777||	0.0225814532	3.29e-8
1043	e112|34|356|55|e67|7|77||	-0.89878673	1.75e-6
1044	e112|34|356|55|667|7|7|e|	-0.90908894	3.09e-6
1045	e112|34|356|55|677|7|e7||	-0.89323069	3.22e-6
1046	e112|34|356|55|777|6|e7||	0.0202483439	4.71e-8
1047	e112|34|356|56|e57|7|77||	-0.62490307	2.96e-6
1048	e112|34|356|56|e77|67|7||	-0.46677480	1.56e-6
1049	e112|34|356|56|557||77|e|	-0.6092897	1.12e-5
1050	e112|34|356|56|567|7|7|e|	-0.3906683	1.15e-5
1051	e112|34|356|56|577|e|77||	-0.475590773	5.44e-7
1052	e112|34|356|56|577|6|7|e|	-0.44479017	4.24e-6
1053	e112|34|356|56|577|7|e7||	-0.71916235	2.84e-6
1054	e112|34|356|56|777|e6|7||	0.028507251	2.21e-7
1055	e112|34|356|57|e56|7|77||	-0.59997742	2.02e-6
1056	e112|34|356|57|e57|6|77||	-0.60129535	2.54e-6
1057	e112|34|356|57|e66|77|7||	-0.76325718	1.73e-6
1058	e112|34|356|57|e67|67|7||	-0.83897738	3.04e-6
1059	e112|34|356|57|556||77|e|	-0.29476424	3.02e-6
1060	e112|34|356|57|557||e77||	-0.295062535	3.03e-7
1061	e112|34|356|57|566|7|7|e|	-0.60468003	4.8e-6
1062	e112|34|356|57|567|e|77||	-0.66674710	4.45e-6
1063	e112|34|356|57|567|6|7|e|	-0.7690837	1.1e-5
1064	e112|34|356|57|567|7|e7||	-0.76840162	3.8e-6
1065	e112|34|356|57|577|6|e7||	-0.60872773	4.e-6
1066	e112|34|356|57|667|e7|7||	-0.71741433	4.22e-6
1067	e112|34|356|57|667|67||e|	-0.6217786	1.15e-5
1068	e112|34|356|57|667|77|e||	-0.745583706	7.9e-7
1069	e112|34|356|57|677|e6|7||	-0.72051050	2.97e-6
1070	e112|34|356|57|677|66||e|	-0.76141884	1.81e-6
1071	e112|34|356|57|677|67|e||	-0.62455317	4.59e-6
1072	e112|34|356|77|e55|6|77||	-0.512800184	5.95e-7
1073	e112|34|356|77|e56|67|7||	-0.31504617	1.12e-6
1074	e112|34|356|77|e57|66|7||	-0.56768482	1.51e-6
1075	e112|34|356|77|556|e|77||	-0.24796969	3.01e-6
1076	e112|34|356|77|556|7|e7||	-0.46375117	2.33e-6
1077	e112|34|356|77|557|6|e7||	-0.48080858	6.15e-6
1078	e112|34|356|77|567|e6|7||	-0.61718054	4.74e-6
1079	e112|34|356|77|567|66||e|	-0.215560904	5.34e-7
1080	e112|34|555|e45|67||777||	-0.0033565920470660143952691089	1.e-25
1081	e112|34|555|e46|57||777||	-0.000922945458262	1.e-13
1082	e112|34|555|e46|67|7|77||	0.02148201062	9.43e-9
1083	e112|34|555|e46|77|6|77||	0.013817360220942	1.e-13
1084	e112|34|555|e56|677||77||	0.034049232869601	1.e-13
1085	e112|34|555|e66|777|6|7||	-0.000536232594317	1.e-13
1086	e112|34|555|e67|567||77||	0.0172550586	2.94e-8
1087	e112|34|555|e67|667|7|7||	0.0209421968	2.53e-8
1088	e112|34|555|446|6|7|77|e|	0.004128000211826	1.e-13
1089	e112|34|555|466|67|7|7|e|	0.017920370352428	1.e-13
1090	e112|34|555|467|67|6|7|e|	0.0133401109	6.81e-8
1091	e112|34|555|566|777||e7||	-0.000251012117876	1.e-13
1092	e112|34|555|567|667||7|e|	0.0318572571	4.07e-8
1093	e112|34|555|666|677|7||e|	-0.000259850564492	1.e-13
1094	e112|34|555|667|667|7||e|	0.005748888869709	1.e-13
1095	e112|34|556|e45|57||777||	0.0238550723	2.45e-8
1096	e112|34|556|e45|67|7|77||	-0.593427149	9.76e-7
1097	e112|34|556|e45|77|6|77||	-0.463001762	2.11e-7
1098	e112|34|556|e46|57|7|77||	-0.513338859	2.75e-7
1099	e112|34|556|e46|67|77|7||	-0.542881226	2.67e-7
1100	e112|34|556|e46|77|67|7||	-0.623383239	2.86e-7
1101	e112|34|556|e47|55||777||	0.014944490252924	1.e-13
1102	e112|34|556|e47|56|7|77||	-0.507073521	8.57e-7
1103	e112|34|556|e47|57|6|77||	-0.599473654	8.28e-7
1104	e112|34|556|e47|66|77|7||	-0.413420502	2.39e-7
1105	e112|34|556|e47|67|67|7||	-0.84201086	1.15e-6
1106	e112|34|556|e47|77|66|7||	-2.594030992	8.61e-7
1107	e112|34|556|e56|577||77||	-0.371124571	6.4e-7
1108	e112|34|556|e56|677|7|7||	-0.55062973	1.41e-6
1109	e112|34|556|e56|777|6|7||	0.0231607223	2.38e-8
1110	e112|34|556|e57|567||77||	-0.5480374	1.01e-5
1111	e112|34|556|e57|667|7|7||	-0.5706756	1.33e-5
1112	e112|34|556|e57|677|6|7||	-0.67129445	1.47e-6
1113	e112|34|556|e66|577|7|7||	-0.56642504	1.05e-6
1114	e112|34|556|e66|777|67|||	0.0211575888	2.19e-8
1115	e112|34|556|e67|557||77||	-0.599493501	7.73e-7
1116	e112|34|556|e67|567|7|7||	-0.62199409	1.96e-6
1117	e112|34|556|e67|577|6|7||	-0.58287185	3.72e-6
1118	e112|34|556|e67|667|77|||	-0.378714035	6.36e-7
1119	e112|34|556|e67|677|67|||	-0.56346723	3.3e-6
1120	e112|34|556|e67|777|66|||	0.0630150632	2.95e-8
1121	e112|34|556|e77|566|7|7||	-0.50478275	2.08e-6
1122	e112|34|556|445|7|6|77|e|	-0.4315479	1.24e-5
1123	e112|34|556|446|7|67|7|e|	-0.9920115	4.37e-5
1124	e112|34|556|446|7|77|e7||	-0.645890878	4.69e-7
1125	e112|34|556|447|7|66|7|e|	-1.79622112	1.81e-6
1126	e112|34|556|447|7|67|e7||	-0.735621104	4.44e-7
1127	e112|34|556|456|67|7|7|e|	-0.63089082	7.51e-6
1128	e112|34|556|456|77|7|e7||	-0.480787007	4.25e-7
1129	e112|34|556|457|57||e77||	-0.157856987	1.31e-7
1130	e112|34|556|457|66|7|7|e|	-0.49578801	1.22e-6
1131	e112|34|556|457|67|e|77||	-0.77383224	1.38e-6
1132	e112|34|556|457|67|6|7|e|	-0.76040586	5.64e-6
1133	e112|34|556|457|67|7|e7||	-0.64775345	1.28e-6
1134	e112|34|556|457|77|6|e7||	-0.973246467	6.83e-7
1135	e112|34|556|466|77|67||e|	-0.293314414	1.38e-7
1136	e112|34|556|466|77|77|e||	-0.196555983236795	1.e-13
1137	e112|34|556|467|67|67||e|	-0.3831734	1.38e-5
1138	e112|34|556|467|67|77|e||	-0.252198400	2.51e-7
1139	e112|34|556|467|77|67|e||	-0.957291606	6.79e-7
1140	e112|34|556|556|777||e7||	0.0134370365	1.54e-8
1141	e112|34|556|557|667||7|e|	-0.607748191	7.61e-7
1142	e112|34|556|557|677||e7||	-0.609260612	4.64e-7
1143	e112|34|556|566|577||7|e|	-0.249670929	3.42e-7
1144	e112|34|556|566|677|7||e|	-0.250482405	7.87e-7
1145	e112|34|556|567|567||7|e|	-0.29728865	2.86e-6
1146	e112|34|556|567|577||e7||	-0.478219199	4.38e-7
1147	e112|34|556|567|667|7||e|	-0.47839988	5.88e-6
1148	e112|34|556|567|677|7|e||	-0.469406150	7.64e-7
1149	e112|34|556|567|777|6|e||	0.0396250791	6.58e-8
1150	e112|34|556|577|667|7|e||	-0.282266762	2.66e-7
1151	e112|34|556|577|677|6|e||	-0.63489414	6.67e-6
1152	e112|34|567|e45|55||777||	0.249247798267367	1.e-13
1153	e112|34|567|e45|56|7|77||	-0.78690728	1.91e-6
1154	e112|34|567|e45|66|77|7||	-0.611179335	2.87e-7
1155	e112|34|567|e45|67|67|7||	-0.44843431	1.4e-6
1156	e112|34|567|e56|557||77||	-0.55119142	1.96e-6
1157	e112|34|567|e56|567|7|7||	-0.37976971	3.92e-6
1158	e112|34|567|e56|577|6|7||	-0.61060849	2.36e-6
1159	e112|34|567|e56|777|66|||	0.0181811179	1.07e-8
1160	e112|34|567|445|5|e|777||	0.17102485454640	1.e-12
1161	e112|34|567|445|6|e7|77||	-0.95916669	6.07e-6
1162	e112|34|567|445|6|67|7|e|	-0.55241745	2.05e-6
1163	e112|34|567|455|66|7|7|e|	-0.250621738	3.46e-7
1164	e112|34|567|455|67|e|77||	-0.217462541	1.85e-7
1165	e112|34|567|455|67|6|7|e|	-0.62527466	1.15e-6
1166	e112|34|567|456|56|7|7|e|	-0.200966035	9.7e-7
1167	e112|34|567|456|57|e|77||	-0.34789027	1.8e-6
1168	e112|34|567|456|57|6|7|e|	-0.78712915	3.94e-6
1169	e112|34|567|555|667||7|e|	0.0335031499	4.07e-8
1170	e112|34|567|556|567||7|e|	-0.58595048	2.7e-6
1171	e112|34|567|556|577||e7||	-0.46880272	6.88e-6
1172	e112|34|567|556|677|7|e||	-0.229210267	4.07e-7
1173	e112|34|567|567|567|e|7||	-0.17511106	3.94e-6
1174	e123|e23|34|4|55|67|777||	0.0393909779286	1.e-10
1175	e123|e23|34|4|56|677|77||	-0.33784984046	1.e-9
1176	e123|e23|34|5|556|7|777||	0.0194534729	5.46e-8
1177	e123|e23|34|5|566|77|77||	-0.1824823363	7.07e-8
1178	e123|e23|34|5|567|67|77||	-0.224005701	4.91e-7
1179	e123|e23|34|5|666|777|7||	-0.000281095660	7.42e-10
1180	e123|e23|34|5|667|677|7||	-0.30317794	2.01e-6
1181	e123|e23|44|45|5|67|777||	0.05943121994980	1.e-12
1182	e123|e23|44|45|6|677|77||	-0.592679721	3.44e-7
1183	e123|e23|44|55|56|7|777||	0.00488761103	3.11e-9
1184	e123|e23|44|55|66|77|77||	-0.05910131099245	1.e-12
1185	e123|e23|44|55|67|67|77||	-0.0644850763	3.71e-8
1186	e123|e23|44|56|55|7|777||	0.00977522768	6.35e-9
1187	e123|e23|44|56|56|77|77||	-0.0946147278	5.85e-8
1188	e123|e23|44|56|57|67|77||	-0.295055586	1.69e-7
1189	e123|e23|44|56|77|667|7||	-0.1289702190	7.5e-8
1190	e123|e23|45|45|56|7|777||	0.0048510078	4.65e-8
1191	e123|e23|45|45|66|77|77||	-0.0401874594	1.81e-8
1192	e123|e23|45|45|67|67|77||	-0.04651555	1.19e-6
1193	e123|e23|45|46|55|7|777||	0.0122327866	8.79e-8
1194	e123|e23|45|46|56|77|77||	-0.1124400931	6.89e-8
1195	e123|e23|45|46|57|67|77||	-0.33901326	1.11e-6
1196	e123|e23|45|46|77|667|7||	-0.1190446	4.88e-5
1197	e123|e23|45|67|555||777||	(-128*Log[4/3]^2)/729	0
1198	e123|e23|45|67|556|7|77||	-0.080081320	1.34e-7
1199	e123|e23|45|67|566|77|7||	-0.0550693415	3.8e-8
1200	e123|e23|45|67|567|67|7||	-0.052624620	2.1e-7
1201	e123|e23|45|67|666|777|||	-0.000135035321	3.e-10
1202	e123|e23|45|67|667|677|||	-0.0531184	3.04e-5
1203	e123|e24|33|4|55|67|777||	0.195239077606798	1.e-13
1204	e123|e24|33|4|56|677|77||	-1.674532968973636	1.e-13
1205	e123|e24|33|5|556|7|777||	0.0986913764	3.23e-8
1206	e123|e24|33|5|566|77|77||	-0.973122920	3.34e-7
1207	e123|e24|33|5|567|67|77||	-1.18340466	1.65e-6
1208	e123|e24|33|5|666|777|7||	-0.000663044982378	1.e-13
1209	e123|e24|33|5|667|677|7||	-1.62036930	1.56e-6
1210	e123|e24|34|45|5|67|777||	0.079440044649085	1.e-13
1211	e123|e24|34|45|6|677|77||	-0.786976938	4.1e-7
1212	e123|e24|34|55|56|7|777||	0.0266678399	1.61e-8
1213	e123|e24|34|55|66|77|77||	-0.148201030417004	1.e-13
1214	e123|e24|34|55|67|67|77||	-0.327680682	1.95e-7
1215	e123|e24|34|56|56|77|77||	-0.1228564788	7.99e-8
1216	e123|e24|34|56|57|67|77||	-0.383195791	2.15e-7
1217	e123|e24|35|44|5|67|777||	0.119180683610864	1.e-13
1218	e123|e24|35|44|6|677|77||	-1.19756374	5.79e-6
1219	e123|e24|35|45|56|7|777||	0.037567511	4.33e-7
1220	e123|e24|35|45|66|77|77||	-0.351042177	1.71e-7
1221	e123|e24|35|45|67|67|77||	-0.398653863	6.77e-7
1222	e123|e24|35|46|55|7|777||	0.0223568756	3.63e-8
1223	e123|e24|35|46|56|77|77||	-0.438441707	3.11e-7
1224	e123|e24|35|46|57|67|77||	-0.65747702	1.42e-6
1225	e123|e24|35|46|66|777|7||	0.023277858	1.11e-7
1226	e123|e24|35|46|67|677|7||	-0.67390562	1.29e-6
1227	e123|e24|35|46|77|667|7||	-0.495533552	9.75e-7
1228	e123|e24|35|55|567||777||	0.214496698359200	1.e-13
1229	e123|e24|35|55|667|7|77||	-2.21640535	1.92e-6
1230	e123|e24|35|56|557||777||	0.0225268920	1.01e-8
1231	e123|e24|35|56|567|7|77||	-0.70714642	1.29e-6
1232	e123|e24|35|56|577|6|77||	-0.486504838	2.36e-7
1233	e123|e24|35|56|667|77|7||	-0.523584718	8.24e-7
1234	e123|e24|35|56|677|67|7||	-0.75208484	1.25e-6
1235	e123|e24|35|56|777|66|7||	0.02168058213	8.85e-9
1236	e123|e24|35|66|557|7|77||	-0.418358041	2.66e-7
1237	e123|e24|35|66|567|77|7||	-0.535649805	3.04e-7
1238	e123|e24|35|66|577|67|7||	-0.556127659	2.77e-7
1239	e123|e24|35|66|667|777|||	0.0156519561	2.23e-8
1240	e123|e24|35|66|677|677|||	-0.361735135	6.16e-7
1241	e123|e24|35|66|777|667|||	0.01452794735	8.69e-9
1242	e123|e24|35|67|555||777||	-0.007983160915820	1.e-13
1243	e123|e24|35|67|556|7|77||	-0.53743695	1.e-6
1244	e123|e24|35|67|566|77|7||	-0.447592277	3.14e-7
1245	e123|e24|35|67|567|67|7||	-0.40273417	5.89e-6
1246	e123|e24|35|67|666|777|||	-0.00106722827	1.63e-9
1247	e123|e24|35|67|667|677|||	-0.440765580	9.91e-7
1248	e123|e24|55|444||67|777||	-0.0018064846292448607489160607	1.e-25
1249	e123|e24|55|445|6|7|777||	0.0164755367	1.77e-8
1250	e123|e24|55|446|6|77|77||	-0.170506250	1.17e-7
1251	e123|e24|55|446|7|67|77||	-0.216080145	4.15e-7
1252	e123|e24|55|455|67||777||	0.142660752002352	1.e-13
1253	e123|e24|55|456|57||777||	0.01392868002	6.04e-9
1254	e123|e24|55|456|67|7|77||	-0.54284720	1.06e-6
1255	e123|e24|55|456|77|6|77||	-0.370862500	1.79e-7
1256	e123|e24|55|466|67|77|7||	-0.445115860	2.07e-7
1257	e123|e24|55|466|77|67|7||	-0.1812212389	9.41e-8
1258	e123|e24|55|467|67|67|7||	-0.158732688	4.6e-7
1259	e123|e24|55|556|677||77||	-1.475661119	4.9e-7
1260	e123|e24|55|566|577||77||	-0.1428248407	7.69e-8
1261	e123|e24|55|566|677|7|7||	-0.414205655	8.03e-7
1262	e123|e24|55|566|777|6|7||	0.01559272252	6.16e-9
1263	e123|e24|55|567|567||77||	-0.15977302	1.01e-6
1264	e123|e24|55|567|667|7|7||	-0.57266575	1.01e-6
1265	e123|e24|55|666|677|77|||	0.010351541473856	1.e-13
1266	e123|e24|55|666|777|67|||	-0.000301516260123	1.e-13
1267	e123|e24|55|667|667|77|||	-0.148690830	1.31e-7
1268	e123|e24|55|667|677|67|||	-0.178627058	3.75e-7
1269	e123|e24|56|444||677|77||	0.0154939170308255523671791873	1.e-25
1270	e123|e24|56|445|5|7|777||	0.014588653	1.82e-7
1271	e123|e24|56|445|6|77|77||	-0.171010343	1.58e-7
1272	e123|e24|56|445|7|67|77||	-0.52572143	3.37e-6
1273	e123|e24|56|447|7|667|7||	-0.18707977	2.33e-6
1274	e123|e24|56|455|57||777||	0.02323733	1.35e-6
1275	e123|e24|56|455|67|7|77||	-0.47605784	1.06e-6
1276	e123|e24|56|455|77|6|77||	-0.331648981	1.73e-7
1277	e123|e24|56|456|57|7|77||	-0.49431423	1.58e-6
1278	e123|e24|56|456|77|67|7||	-0.265962616	7.24e-7
1279	e123|e24|56|457|57|6|77||	-0.252945052	8.64e-7
1280	e123|e24|56|457|67|67|7||	-0.346196165	8.44e-7
1281	e123|e24|56|457|77|66|7||	-0.59091343	1.07e-6
1282	e123|e24|56|477|77|666|||	0.304454940822973	1.e-13
1283	e123|e24|56|555|677||77||	0.0819271292	2.75e-8
1284	e123|e24|56|556|577||77||	-0.325419142	2.58e-7
1285	e123|e24|56|556|677|7|7||	-0.492687399	9.23e-7
1286	e123|e24|56|556|777|6|7||	0.02179744293	9.2e-9
1287	e123|e24|56|557|567||77||	-0.474010199	9.35e-7
1288	e123|e24|56|557|667|7|7||	-0.297802869	5.03e-7
1289	e123|e24|56|557|677|6|7||	-0.5023995	1.01e-5
1290	e123|e24|56|567|567|7|7||	-0.16656330	1.98e-6
1291	e123|e24|56|567|577|6|7||	-0.52930885	1.23e-6
1292	e123|e24|56|567|777|66|||	0.01171316712	4.83e-9
1293	e123|e24|56|577|677|66|||	-0.200538020	1.44e-7
1294	e123|e45|334|4|5|67|777||	0.153749243348879	1.e-13
1295	e123|e45|334|4|6|677|77||	-1.573755185	6.77e-7
1296	e123|e45|334|5|56|7|777||	0.022480100	1.67e-7
1297	e123|e45|334|5|66|77|77||	-0.228898840	4.84e-7
1298	e123|e45|334|5|67|67|77||	-0.25650626	1.48e-6
1299	e123|e45|334|6|55|7|777||	0.0127122260	2.7e-8
1300	e123|e45|334|6|56|77|77||	-0.626682271	3.3e-7
1301	e123|e45|334|6|57|67|77||	-0.9425497	1.55e-5
1302	e123|e45|334|6|66|777|7||	0.0253497956	5.44e-8
1303	e123|e45|334|6|67|677|7||	-0.9316843	1.5e-5
1304	e123|e45|334|6|77|667|7||	-0.68237138	9.05e-6
1305	e123|e45|336|6|557|7|77||	-0.1985031283	7.66e-8
1306	e123|e45|336|6|567|77|7||	-0.808063876	4.e-7
1307	e123|e45|336|6|667|777|||	0.0209578000	1.1e-8
1308	e123|e45|336|6|677|677|||	-0.260261601	1.38e-7
1309	e123|e45|336|7|556|7|77||	-0.25372782	2.22e-6
1310	e123|e45|336|7|566|77|7||	-0.313301640	1.44e-7
1311	e123|e45|336|7|567|67|7||	-0.284464773	7.61e-7
1312	e123|e45|336|7|666|777|||	-0.000326206450	4.66e-10
1313	e123|e45|336|7|667|677|||	-0.30339282	2.13e-6
1314	e123|e45|344|45||67|777||	0.214796215817169	1.e-13
1315	e123|e45|344|46||677|77||	-2.21944568	5.39e-6
1316	e123|e45|344|55|6|7|777||	0.0078474166	1.56e-8
1317	e123|e45|344|56|5|7|777||	0.01338409104	8.55e-9
1318	e123|e45|344|56|6|77|77||	-0.3627758	1.07e-5
1319	e123|e45|344|56|7|67|77||	-0.537250725	3.52e-7
1320	e123|e45|344|66|5|77|77||	-0.148804673461824	1.e-13
1321	e123|e45|344|66|6|777|7||	0.0145928076	2.28e-8
1322	e123|e45|344|66|7|677|7||	-0.419797834	2.57e-7
1323	e123|e45|344|67|5|67|77||	-0.1645311809	8.66e-8
1324	e123|e45|344|67|6|677|7||	-0.557852388	3.15e-7
1325	e123|e45|345|45|6|7|777||	0.007054107	1.49e-7
1326	e123|e45|345|46|5|7|777||	0.0141820001	9.95e-8
1327	e123|e45|345|46|6|77|77||	-0.418893808	2.93e-7
1328	e123|e45|345|46|7|67|77||	-0.59246664	3.92e-6
1329	e123|e45|345|66|57|7|77||	-0.226849570	1.53e-7
1330	e123|e45|345|66|67|77|7||	-0.414280935	2.89e-7
1331	e123|e45|345|67|56|7|77||	-0.31376991	1.86e-6
1332	e123|e45|345|67|66|77|7||	-0.200210284	1.59e-7
1333	e123|e45|345|67|67|67|7||	-0.157859709	7.99e-7
1334	e123|e45|346|46|6|777|7||	0.0135935482	9.72e-8
1335	e123|e45|346|46|7|677|7||	-0.329495536	9.71e-7
1336	e123|e45|346|47|6|677|7||	-0.6308993	3.34e-5
1337	e123|e45|346|56|57|7|77||	-0.133877789	9.37e-7
1338	e123|e45|346|56|67|77|7||	-0.54796093	3.01e-6
1339	e123|e45|346|57|56|7|77||	-0.1288389519	7.99e-8
1340	e123|e45|346|57|57|6|77||	-0.123134180	6.36e-7
1341	e123|e45|346|57|66|77|7||	-0.30169684	4.04e-6
1342	e123|e45|346|57|67|67|7||	-0.32620372	2.24e-6
1343	e123|e45|346|57|77|66|7||	-0.19710805	2.01e-6
1344	e123|e45|346|66|57|77|7||	-0.501708584	2.58e-7
1345	e123|e45|346|66|67|777|||	0.0422965051	2.02e-8
1346	e123|e45|346|66|77|677|||	-0.65634798	2.55e-6
1347	e123|e45|346|67|56|77|7||	-0.574108951	3.84e-7
1348	e123|e45|346|67|57|67|7||	-0.36646703	1.93e-6
1349	e123|e45|346|67|66|777|||	0.0217413152	4.69e-8
1350	e123|e45|346|67|67|677|||	-0.53303746	3.17e-6
1351	e123|e45|346|67|77|667|||	-0.41567014	2.76e-6
1352	e123|e45|346|77|57|66|7||	-0.213634654	1.28e-7
1353	e123|e45|346|77|66|677|||	-0.420049237	2.71e-7
1354	e123|e45|346|77|67|667|||	-0.414372237	2.91e-7
1355	e123|e45|346|77|77|666|||	0.0145660015	2.16e-8
1356	e123|e45|366|67|567|77|||	-0.501770569	2.7e-7
1357	e123|e45|366|77|566|77|||	-0.074481196971312	1.e-13
1358	e123|e45|366|77|567|67|||	-0.1135605694	7.69e-8
1359	e123|e45|367|67|567|67|||	-0.047661403	2.21e-7
1360	e123|e45|444|556||7|777||	-0.000908951142	8.01e-10
1361	e123|e45|444|566||77|77||	0.008826349822004	1.e-13
1362	e123|e45|444|567||67|77||	0.0107692099	1.46e-8
1363	e123|e45|444|666||777|7||	8.00653806919e-6	1.e-13
1364	e123|e45|444|667||677|7||	0.0146882397	4.83e-8
1365	e123|e45|445|456||7|777||	0.0127970005	7.1e-8
1366	e123|e45|445|466||77|77||	-0.1369235369	8.95e-8
1367	e123|e45|445|467||67|77||	-0.15235337	1.31e-6
1368	e123|e45|445|556|7||777||	0.0075705983	2.22e-8
1369	e123|e45|445|566|7|7|77||	-0.348477851	2.64e-7
1370	e123|e45|445|567|6|7|77||	-0.51463873	6.33e-6
1371	e123|e45|445|666|7|77|7||	0.0140532685	4.68e-8
1372	e123|e45|445|667|6|77|7||	-0.39436169	7.79e-6
1373	e123|e45|445|667|7|67|7||	-0.53445329	6.43e-6
1374	e123|e45|446|556|7|7|77||	-0.092649975	1.07e-7
1375	e123|e45|446|557|6|7|77||	-0.12411519	4.46e-6
1376	e123|e45|446|557|7|6|77||	-0.09241652	2.63e-6
1377	e123|e45|446|566|7|77|7||	-0.176198140	5.22e-7
1378	e123|e45|446|567|6|77|7||	-0.65585518	8.97e-6
1379	e123|e45|446|567|7|67|7||	-0.29217251	3.21e-6
1380	e123|e45|446|577|7|66|7||	-0.16982756	3.07e-6
1381	e123|e45|446|666|7|777|||	-0.000535205956	3.48e-10
1382	e123|e45|446|667|6|777|||	0.0156136083	3.91e-8
1383	e123|e45|446|667|7|677|||	-0.175030033	5.33e-7
1384	e123|e45|446|677|6|677|||	-0.219218139	1.5e-7
1385	e123|e45|446|677|7|667|||	-0.169128640	1.59e-7
1386	e123|e45|446|777|7|666|||	-0.000301511943	2.63e-10
1387	e123|e45|456|456|7|7|77||	-0.054005599	3.48e-7
1388	e123|e45|456|457|6|7|77||	-0.11282617	1.32e-6
1389	e123|e45|456|466|7|77|7||	-0.195270540	9.27e-7
1390	e123|e45|456|467|6|77|7||	-0.48793436	2.88e-6
1391	e123|e45|456|467|7|67|7||	-0.30490531	1.94e-6
1392	e123|e45|456|477|7|66|7||	-0.28724588	2.67e-6
1393	e123|e45|456|666|77|77|||	0.0136259934	3.01e-8
1394	e123|e45|456|667|67|77|||	-0.39562385	1.93e-6
1395	e123|e45|456|677|66|77|||	-0.391837523	2.84e-7
1396	e123|e45|456|677|67|67|||	-0.237080473	9.62e-7
1397	e123|e45|456|777|66|67|||	0.0218360871	5.82e-8
1398	e123|e45|466|566|77|77|||	-0.107500058	1.99e-7
1399	e123|e45|466|567|67|77|||	-0.29873833	3.02e-6
1400	e123|e45|466|567|77|67|||	-0.20190182	5.3e-6
1401	e123|e45|466|577|66|77|||	-1.59552254	1.75e-6
1402	e123|e45|466|577|67|67|||	-0.28724845	2.66e-6
1403	e123|e45|466|577|77|66|||	-0.066758200	1.68e-7
1404	e123|e45|467|567|67|67|||	-0.075688668	4.88e-7
1405	e123|223|4|45|e5|67|777||	0.287094641599236	1.e-13
1406	e123|223|4|45|e6|677|77||	-2.93486456	1.86e-6
1407	e123|223|4|45|56|e7|777||	0.0602575703	3.7e-8
1408	e123|223|4|45|67|e67|77||	-0.99106605	1.97e-6
1409	e123|223|4|45|67|667|7|e|	-0.89396920	7.61e-6
1410	e123|223|4|55|e56|7|777||	0.0396250832	4.24e-8
1411	e123|223|4|55|e67|67|77||	-0.735621471	5.47e-7
1412	e123|223|4|55|667|67|7|e|	-0.654782141	4.47e-7
1413	e123|223|4|56|e56|77|77||	-0.485091305	2.89e-7
1414	e123|223|4|56|e57|67|77||	-1.50656940	2.57e-6
1415	e123|223|4|56|567|e7|77||	-1.38519845	4.34e-6
1416	e123|223|4|56|567|67|7|e|	-0.84677055	6.15e-6
1417	e123|223|4|56|577|e6|77||	-0.928903591	5.55e-7
1418	e123|223|4|56|577|67|e7||	-1.42787163	2.29e-6
1419	e123|224|4|455|e|67|777||	0.072482029358561	1.e-13
1420	e123|224|4|456|e|677|77||	-0.621666263264497	1.e-13
1421	e123|224|4|456|5|e7|777||	0.0329000239	2.1e-8
1422	e123|224|4|456|7|667|7|e|	-0.279991097	7.04e-7
1423	e123|224|4|555|e6|7|777||	-0.000143273128051	1.e-13
1424	e123|224|4|556|e5|7|777||	0.0369169057	4.72e-8
1425	e123|224|4|556|e6|77|77||	-0.370845599	5.9e-7
1426	e123|224|4|556|e7|67|77||	-0.61797770	4.81e-6
1427	e123|224|4|556|67|67|7|e|	-0.82243230	3.32e-6
1428	e123|224|4|556|67|77|e7||	-0.533277085	3.49e-7
1429	e123|224|4|567|e5|67|77||	-0.44933741	4.07e-6
1430	e123|224|4|567|56|e7|77||	-0.78666701	2.48e-6
1431	e123|224|4|567|56|67|7|e|	-0.46992900	1.37e-6
1432	e123|224|5|445|6|e7|777||	0.0259026538	4.7e-8
1433	e123|224|5|446|5|e7|777||	0.0258568152	2.77e-8
1434	e123|224|5|446|6|777|e7||	0.0236097057	3.03e-8
1435	e123|224|5|446|7|e67|77||	-1.01250941	1.9e-6
1436	e123|224|5|446|7|667|7|e|	-0.48202454	2.73e-6
1437	e123|224|5|446|7|677|e7||	-0.48165503	2.77e-6
1438	e123|224|5|456|e5|7|777||	0.046288958	2.86e-7
1439	e123|224|5|456|e6|77|77||	-0.650424226	8.38e-7
1440	e123|224|5|456|e7|67|77||	-0.96663184	7.55e-6
1441	e123|224|5|456|67|67|7|e|	-0.52792126	8.19e-6
1442	e123|224|5|456|67|77|e7||	-0.79141108	5.94e-6
1443	e123|224|5|466|e5|77|77||	-0.495777206	5.78e-7
1444	e123|224|5|466|e6|777|7||	0.0129648408	2.44e-8
1445	e123|224|5|466|e7|677|7||	-0.72496878	6.11e-6
1446	e123|224|5|466|57|e7|77||	-0.680177289	8.29e-7
1447	e123|224|5|466|57|67|7|e|	-0.81406882	6.91e-6
1448	e123|224|5|466|77|e67|7||	-0.663980904	8.5e-7
1449	e123|224|5|467|e5|67|77||	-0.55110503	2.5e-6
1450	e123|224|5|467|e6|677|7||	-0.9830605	1.39e-5
1451	e123|224|5|467|56|e7|77||	-0.99646793	5.01e-6
1452	e123|224|5|467|56|67|7|e|	-1.06123860	5.1e-6
1453	e123|224|5|467|56|77|e7||	-0.79518780	5.38e-6
1454	e123|224|5|467|67|e67|7||	-0.58970451	5.86e-6
1455	e123|224|5|467|67|667||e|	-0.77751890	6.49e-6
1456	e123|224|5|666|e67|777|||	-0.00058832541	2.42e-9
1457	e123|224|5|666|557|7|7|e|	0.0049314671	1.01e-8
1458	e123|224|5|667|e56|77|7||	-0.7416375	1.82e-5
1459	e123|224|5|667|e57|67|7||	-1.0311762	1.32e-5
1460	e123|224|5|667|e67|677|||	-0.64594409	5.3e-6
1461	e123|224|5|667|567|67||e|	-0.39955026	1.92e-6
1462	e123|234|34|5|e5|67|777||	0.133066500	2.91e-7
1463	e123|234|34|5|e6|677|77||	-1.3707040	1.74e-5
1464	e123|234|34|5|56|e7|777||	0.026129728	2.8e-7
1465	e123|234|35|6|e56|77|77||	-0.39615327	5.61e-6
1466	e123|234|35|6|e57|67|77||	-1.20993945	7.99e-6
1467	e123|234|35|6|567|67|7|e|	-0.11933022	3.68e-6
1468	e123|234|44|56|5|e7|777||	0.0429554819	4.52e-8
1469	e123|234|45|45|e|67|777||	0.042433498	1.52e-7
1470	e123|234|45|45|6|e7|777||	0.013896168	1.49e-7
1471	e123|234|45|46|e|677|77||	-0.42715147	3.54e-6
1472	e123|234|45|46|5|e7|777||	0.0276921570	5.24e-8
1473	e123|234|45|55|e6|7|777||	0.0204496342	9.88e-8
1474	e123|234|45|56|e5|7|777||	0.018565709	7.1e-7
1475	e123|234|45|56|e6|77|77||	-0.4986569	1.15e-5
1476	e123|234|45|56|e7|67|77||	-0.76485985	7.6e-6
1477	e123|234|45|56|57|e|777||	0.029189445	2.43e-7
1478	e123|234|45|56|67|e7|77||	-0.69101757	4.98e-6
1479	e123|234|45|56|67|67|7|e|	-0.40632040	7.88e-6
1480	e123|234|45|56|67|77|e7||	-0.60696822	5.1e-6
1481	e123|234|45|56|77|e6|77||	-0.476408072	8.46e-7
1482	e123|234|45|56|77|67|e7||	-0.63477190	9.44e-6
1483	e123|234|45|66|e5|77|77||	-0.208211982	5.43e-7
1484	e123|234|45|66|e6|777|7||	0.0217849944	8.66e-8
1485	e123|234|45|66|e7|677|7||	-0.58227052	2.69e-6
1486	e123|234|45|66|57|e7|77||	-0.27344186	1.12e-6
1487	e123|234|45|66|57|67|7|e|	-0.3472705	1.15e-5
1488	e123|234|45|66|77|e67|7||	-0.50670334	1.03e-6
1489	e123|234|45|67|e5|67|77||	-0.23000545	1.95e-6
1490	e123|234|45|67|e6|677|7||	-0.74318226	7.37e-6
1491	e123|234|45|67|56|e7|77||	-0.76121147	4.24e-6
1492	e123|234|45|67|56|67|7|e|	-0.4249017	1.18e-5
1493	e123|234|45|67|56|77|e7||	-0.62360066	6.52e-6
1494	e123|234|45|67|67|e67|7||	-0.3979260	1.26e-5
1495	e123|234|45|67|67|667||e|	-0.58076300	5.34e-6
1496	e123|234|55|56|e57||777||	0.0204368147	2.82e-8
1497	e123|234|55|56|777|6|e7||	0.020415143	1.36e-7
1498	e123|234|55|66|e57|7|77||	-0.41034254	1.21e-6
1499	e123|234|55|66|567|7|7|e|	-0.13420542	2.69e-6
1500	e123|234|55|67|e56|7|77||	-0.57624541	4.88e-6
1501	e123|234|55|67|e67|67|7||	-0.30808138	2.7e-6
1502	e123|234|55|67|566|7|7|e|	-0.4885185	3.21e-5
1503	e123|234|55|67|667|67||e|	-0.46560085	5.34e-6
1504	e123|234|56|56|e57|7|77||	-0.28397968	2.41e-6
1505	e123|234|56|56|567|7|7|e|	-0.09142333	3.93e-6
1506	e123|234|56|56|577|e|77||	-0.21479038	4.29e-6
1507	e123|234|56|56|577|7|e7||	-0.32239440	3.67e-6
1508	e123|234|56|56|777|e6|7||	0.00725985	1.11e-6
1509	e123|234|56|57|e56|7|77||	-0.55456352	5.43e-6
1510	e123|234|56|57|e67|67|7||	-0.38376492	3.58e-6
1511	e123|234|56|57|566|7|7|e|	-0.5754470	1.23e-5
1512	e123|234|56|57|567|e|77||	-0.31256682	3.29e-6
1513	e123|234|56|57|567|6|7|e|	-0.73793417	8.48e-6
1514	e123|234|56|57|667|e7|7||	-0.66459313	5.5e-6
1515	e123|234|56|57|667|67||e|	-0.58806228	5.11e-6
1516	e123|244|45|456||e7|777||	0.0418596246	3.71e-8
1517	e123|244|45|566|7|e7|77||	-0.699712332	4.64e-7
1518	e123|244|45|566|7|67|7|e|	-0.54832304	5.04e-6
1519	e123|244|45|567|5|e|777||	0.15663978884697	1.e-12
1520	e123|244|45|567|6|e7|77||	-0.52397229	5.01e-6
1521	e123|244|45|567|6|77|e7||	-1.0720496	1.04e-5
1522	e123|244|45|667|5|e7|77||	-1.64012153	2.6e-6
1523	e123|244|45|667|7|667||e|	-0.714579022	9.49e-7
1524	e123|244|55|466|7|67|7|e|	-0.198658731	9.73e-7
1525	e123|244|55|666|57|7|7|e|	0.003124276559063	1.e-13
1526	e123|244|55|667|67|67||e|	-0.186601804	3.22e-7
1527	e123|244|56|445||e7|777||	0.0278129030	4.86e-8
1528	e123|244|56|456|7|e7|77||	-0.43040513	4.73e-6
1529	e123|244|56|456|7|67|7|e|	-0.30539374	3.72e-6
1530	e123|244|56|457|5|e|777||	0.0108716383	3.85e-8
1531	e123|244|56|457|6|e7|77||	-0.2256023	1.02e-5
1532	e123|244|56|457|6|77|e7||	-0.55409278	4.87e-6
1533	e123|244|56|457|7|e6|77||	-0.228880818	4.43e-7
1534	e123|244|56|457|7|66|7|e|	-0.57459987	3.7e-6
1535	e123|244|56|477|5|e6|77||	-0.38969637	1.19e-6
1536	e123|244|56|556|67|7|7|e|	-0.24220858	3.48e-6
1537	e123|244|56|556|77|7|e7||	-0.374473297	3.08e-7
1538	e123|244|56|557|67|6|7|e|	-0.246890305	5.47e-7
1539	e123|244|56|567|57|e|77||	-0.51564707	6.3e-6
1540	e123|244|56|567|57|6|7|e|	-0.58792931	5.5e-6
1541	e123|244|56|567|57|7|e7||	-0.56606262	5.82e-6
1542	e123|244|56|577|56|e|77||	-0.364203801	6.17e-7
1543	e123|244|56|577|56|7|e7||	-0.55154036	5.55e-6
1544	e123|244|56|577|57|6|e7||	-0.45354294	6.66e-6
1545	e123|244|56|577|67|e6|7||	-0.462370225	8.4e-7
1546	e123|244|56|577|67|67|e||	-0.55964595	7.79e-6
1547	e123|244|56|777|55|6|e7||	0.0062650778725	1.e-10
1548	e123|245|45|446||e7|777||	0.0098483159	3.01e-8
1549	e123|245|45|456|e|7|777||	0.0089109588	7.44e-8
1550	e123|245|45|466|e|77|77||	-0.095667868	3.57e-7
1551	e123|245|45|466|7|e7|77||	-0.12954489	1.01e-6
1552	e123|245|45|467|e|67|77||	-0.106478735	6.99e-7
1553	e123|245|45|467|6|e7|77||	-0.38714104	7.59e-6
1554	e123|245|45|666|57|7|7|e|	0.00293061507	1.e-8
1555	e123|245|45|667|e6|77|7||	-0.14231512	7.11e-6
1556	e123|245|45|667|67|67||e|	-0.14609793	1.42e-6
1557	e123|245|46|445||e7|777||	0.0197403944	3.54e-8
1558	e123|245|46|455|e|7|777||	0.0104903479	7.32e-8
1559	e123|245|46|456|e|77|77||	-0.11028696	1.01e-6
1560	e123|245|46|456|7|e7|77||	-0.52706660	7.93e-6
1561	e123|245|46|456|7|67|7|e|	-0.17221377	5.72e-6
1562	e123|245|46|457|e|67|77||	-0.33594960	2.83e-6
1563	e123|245|46|457|6|77|e7||	-0.69531549	3.82e-6
1564	e123|245|46|457|7|e6|77||	-0.5372419	1.48e-5
1565	e123|245|46|457|7|66|7|e|	-0.55447513	6.96e-6
1566	e123|245|46|457|7|67|e7||	-0.7166433	1.6e-5
1567	e123|245|46|477|e|667|7||	-0.13076453	1.03e-6
1568	e123|245|46|477|5|e6|77||	-0.23710788	4.7e-6
1569	e123|245|46|555|e7||777||	-0.00089686288	1.32e-9
1570	e123|245|46|556|e7|7|77||	-0.24103676	1.81e-6
1571	e123|245|46|556|67|7|7|e|	-0.31021402	4.69e-6
1572	e123|245|46|556|77|7|e7||	-0.45983956	2.82e-6
1573	e123|245|46|557|e7|6|77||	-0.24041964	3.69e-6
1574	e123|245|46|557|67|6|7|e|	-0.30983494	4.31e-6
1575	e123|245|46|557|77|6|e7||	-0.45671907	2.36e-6
1576	e123|245|46|567|e7|67|7||	-0.19747727	2.43e-6
1577	e123|245|46|567|57|e|77||	-0.33897387	1.59e-6
1578	e123|245|46|567|57|7|e7||	-0.37510630	3.25e-6
1579	e123|245|46|567|77|e6|7||	-0.27266835	3.71e-6
1580	e123|245|46|577|e7|66|7||	-0.23177373	1.65e-6
1581	e123|245|46|577|56|e|77||	-0.244620527	5.13e-7
1582	e123|245|46|577|56|7|e7||	-0.37062876	2.24e-6
1583	e123|245|46|577|57|6|e7||	-0.56249062	5.81e-6
1584	e123|245|46|577|67|e6|7||	-0.57722370	6.09e-6
1585	e123|245|46|777|e7|666|||	-0.000238883129	3.77e-10
1586	e123|245|46|777|55|6|e7||	0.0187849365	5.22e-8
1587	e123|245|67|445|6|e7|77||	-0.5359345	1.14e-5
1588	e123|245|67|446|7|667||e|	-0.43176690	3.3e-6
1589	e123|245|67|446|7|677|e||	-0.43360783	4.29e-6
1590	e123|245|67|456|e6|77|7||	-0.25674140	2.15e-6
1591	e123|245|67|456|e7|67|7||	-0.64322100	6.37e-6
1592	e123|245|67|456|56|7|7|e|	-0.34366319	8.89e-6
1593	e123|245|67|456|57|7|e7||	-0.17280729	1.52e-6
1594	e123|245|67|456|67|67||e|	-0.3093540	1.18e-5
1595	e123|245|67|456|67|77|e||	-0.25099290	3.11e-6
1596	e123|444|555|666|7|7|7|e|	1.2919522574e-6 	1.e-13
1597	e123|444|556|566|7|7|7|e|	0.00301282440	9.56e-9
1598	e123|444|556|577|6|7|e7||	0.0067125799	1.71e-8
1599	e123|444|556|677|6|77|e||	0.002235537190859	1.e-13
1600	e123|444|567|567|5|e|77||	0.00254130841	3.39e-9
1601	e123|445|445|567||e|777||	0.050726225340595	1.e-13
1602	e123|445|445|667||e7|77||	-0.531244245	5.1e-7
1603	e123|445|446|577||e6|77||	-0.233184133	2.93e-7
1604	e123|445|456|457||e|777||	0.0052234481	6.99e-8
1605	e123|445|456|467||e7|77||	-0.53171495	2.58e-6
1606	e123|445|456|566|7|7|7|e|	-0.11178740	1.57e-6
1607	e123|445|456|567|7|e|77||	-0.24820030	2.05e-6
1608	e123|445|456|577|6|e|77||	-0.177954449	3.02e-7
1609	e123|445|456|667|7|67||e|	-0.22732115	1.22e-6
1610	e123|445|456|677|6|e7|7||	-0.2688662	1.25e-5
1611	e123|445|466|556|7|7|7|e|	-0.062657349	8.16e-7
1612	e123|445|466|557|7|6|7|e|	-0.18119827	2.33e-6
1613	e123|445|466|577|7|e6|7||	-0.17568276	5.26e-6
1614	e123|445|467|467||667||e|	-0.10235870	1.84e-6
1615	e123|445|467|566|7|e7|7||	-0.116681796	9.85e-7
1616	e123|445|566|577|67|e|7||	-0.0287864877	5.51e-8
1617	e123|445|567|567|67|e|7||	-0.06476094	1.08e-6
1618	e123|445|567|567|67|6||e|	-0.12542729	1.58e-6
1619	e123|456|456|456|7|7|7|e|	-0.007476951	2.07e-7
1620	e123|456|456|457|e|7|77||	-0.11283490	1.16e-6
1621	e123|456|456|457|7|7|e7||	-0.07244009	2.57e-6
1622	e123|456|457|467|e|67|7||	-0.05212100	2.17e-6