1	ee11|22|33|44|55|67|777||	(-8*Log[4/3])/3	0
2	ee11|22|33|44|56|677|77||	(2*Pi^2)/3	0
3	ee11|22|33|45|556|7|777||	-0.33901337995708181108	1.e-18
4	ee11|22|33|45|566|77|77||	Pi^2*Log[4]-9*Zeta[3]	0
5	ee11|22|33|45|567|67|77||	3.5693462484	1.e-7
6	ee11|22|33|45|666|777|7||	0.0103635066455684634894970216	1.e-25
7	ee11|22|33|45|667|677|7||	4.7318013418	1.e-7
8	ee11|22|34|445|5|67|777||	(-8*Log[4/3])/3	0
9	ee11|22|34|445|6|677|77||	7.245850481311619	1.e-13
10	ee11|22|34|455|56|7|777||	-0.49002102871023370775	1.e-18
11	ee11|22|34|455|66|77|77||	1.7137500937112943607452261484	1.e-25
12	ee11|22|34|455|67|67|77||	4.04515911339929	1.e-12
13	ee11|22|34|456|56|77|77||	1.7060096602233	1.e-10
14	ee11|22|34|456|57|67|77||	5.30388000881183	1.e-12
15	ee11|22|34|555|567||777||	(-8*Log[4/3]*(1-8*Log[2]+Log[81]))/9	0
16	ee11|22|34|555|667|7|77||	-0.35237908727173759877	1.e-18
17	ee11|22|34|556|557||777||	-0.142654236490556	1.e-13
18	ee11|22|34|556|567|7|77||	7.38389171067	1.e-9
19	ee11|22|34|556|577|6|77||	5.251252244447787	1.e-13
20	ee11|22|34|556|677|67|7||	4.157727606971009	1.e-13
21	ee11|22|34|567|567|67|7||	1.12509928	2.81e-6
22	ee11|23|334|4|55|67|777||	(-8*Log[4/3])/3	0
23	ee11|23|334|4|56|677|77||	(2*Pi^2)/3	0
24	ee11|23|334|5|556|7|777||	-0.366407913254197	1.e-13
25	ee11|23|334|5|566|77|77||	3.283246230361818	1.e-13
26	ee11|23|334|5|567|67|77||	4.06007920	2.98e-6
27	ee11|23|334|5|666|777|7||	0.007958450807969	1.e-13
28	ee11|23|334|5|667|677|7||	5.44215338	9.55e-6
29	ee11|23|344|45|5|67|777||	(-16*Log[4/3])/3	0
30	ee11|23|344|45|6|677|77||	14.907315776824720	1.e-13
31	ee11|23|344|55|56|7|777||	-0.13165367092418496913	1.e-18
32	ee11|23|344|55|66|77|77||	1.1764663652790843132668837405	1.e-25
33	ee11|23|344|55|67|67|77||	1.343873257059063	1.e-13
34	ee11|23|344|56|55|7|777||	-0.26330734184836993825	1.e-18
35	ee11|23|344|56|56|77|77||	2.13273436592353	1.e-12
36	ee11|23|344|56|57|67|77||	6.648305570384599	1.e-13
37	ee11|23|344|56|77|667|7||	2.687746514118126	1.e-13
38	ee11|23|345|45|56|7|777||	-0.145343409	2.54e-7
39	ee11|23|345|45|66|77|77||	1.02339057042686	1.e-12
40	ee11|23|345|45|67|67|77||	1.21243108	1.16e-6
41	ee11|23|345|46|55|7|777||	-0.367771677	4.05e-7
42	ee11|23|345|46|56|77|77||	2.843488628773447	1.e-13
43	ee11|23|345|46|57|67|77||	8.62816381	7.62e-6
44	ee11|23|345|46|77|667|7||	2.99595502	3.25e-6
45	ee11|23|345|67|555||777||	(16*Log[4/3]^2)/9	0
46	ee11|23|345|67|556|7|77||	1.76931679	1.1e-6
47	ee11|23|345|67|566|77|7||	1.35193552363712	1.e-12
48	ee11|23|345|67|567|67|7||	1.31810570	1.49e-6
49	ee11|23|345|67|666|777|||	0.006428529122724	1.e-13
50	ee11|23|345|67|667|677|||	1.31805876	1.61e-6
51	ee11|23|444|455||67|777||	(-8*Log[4/3]*(1-8*Log[2]+Log[81]))/9	0
52	ee11|23|444|456||677|77||	(2*Pi^2*(1-8*Log[2]+Log[81]))/9	0
53	ee11|23|444|555|6|7|777||	-0.0002556971882151134290260931	1.e-25
54	ee11|23|444|556|5|7|777||	0.01806893915275905372	1.e-18
55	ee11|23|444|556|6|77|77||	-0.15464792601897798620	1.e-18
56	ee11|23|444|556|7|67|77||	-0.255742707	1.68e-7
57	ee11|23|444|567|5|67|77||	-0.192971710	2.13e-7
58	ee11|23|445|445||67|777||	(-4*(-6+Pi^2)*Log[4/3])/9	0
59	ee11|23|445|446||677|77||	4.845012698368345	1.e-13
60	ee11|23|445|455|6|7|777||	-0.120354050	1.38e-7
61	ee11|23|445|456|5|7|777||	-0.417689658	6.68e-7
62	ee11|23|445|456|6|77|77||	4.0412730300414	1.e-10
63	ee11|23|445|456|7|67|77||	6.15417999	7.87e-6
64	ee11|23|445|466|5|77|77||	3.4561181818774	1.e-10
65	ee11|23|445|466|6|777|7||	-0.250141437	2.61e-7
66	ee11|23|445|466|7|677|7||	4.64000071	3.55e-6
67	ee11|23|445|467|5|67|77||	3.99303761	3.23e-6
68	ee11|23|445|467|6|677|7||	6.24403462	4.37e-6
69	ee11|23|445|566|57|7|77||	4.967301014636407	1.e-13
70	ee11|23|445|566|67|77|7||	2.10381964388	1.e-9
71	ee11|23|445|567|55||777||	(-4*(-2+Pi^2)*Log[4/3])/3	0
72	ee11|23|445|567|56|7|77||	7.14902514	5.72e-6
73	ee11|23|445|567|66|77|7||	4.6420776420802	1.e-10
74	ee11|23|445|567|67|67|7||	3.83275338	6.18e-6
75	ee11|23|445|667|55|7|77||	15.54438920159521669830	1.e-18
76	ee11|23|445|667|56|77|7||	2.60203741	5.34e-6
77	ee11|23|445|667|57|67|7||	3.87737774	8.22e-6
78	ee11|23|445|667|66|777|||	-0.078430769115534	1.e-13
79	ee11|23|445|667|67|677|||	2.08516226	5.53e-6
80	ee11|23|445|667|77|667|||	1.59573431	1.86e-6
81	ee11|23|456|456|57|7|77||	1.69420763	3.18e-6
82	ee11|23|456|457|55||777||	-0.095143178	1.04e-7
83	ee11|23|456|457|56|7|77||	3.44984870	3.4e-6
84	ee11|23|456|457|66|77|7||	3.29083800	3.73e-6
85	ee11|23|456|457|67|67|7||	2.39717881	2.48e-6
86	ee12|223|3|44|55|67|777||	(-8*Log[4/3])/3	0
87	ee12|223|3|44|56|677|77||	(2*Pi^2)/3	0
88	ee12|223|3|45|556|7|777||	-0.339013379957077	1.e-13
89	ee12|223|3|45|566|77|77||	2.863664799277834	1.e-13
90	ee12|223|3|45|567|67|77||	3.56934406	6.87e-6
91	ee12|223|3|45|666|777|7||	0.010363506645568	1.e-13
92	ee12|223|3|45|667|677|7||	4.73180706	2.73e-6
93	ee12|223|4|445|5|67|777||	-0.858645776150262	1.e-13
94	ee12|223|4|445|6|677|77||	8.139053916668657	1.e-13
95	ee12|223|4|455|56|7|777||	-0.55330906058356	1.e-12
96	ee12|223|4|455|66|77|77||	2.007647083184215	1.e-13
97	ee12|223|4|455|67|67|77||	4.71375128	2.81e-6
98	ee12|223|4|456|56|77|77||	1.96891059	1.23e-6
99	ee12|223|4|456|57|67|77||	6.12380527	3.94e-6
100	ee12|223|4|555|567||777||	0.0411632579980336415375408292	1.e-25
101	ee12|223|4|555|667|7|77||	-0.39068835821771761469	1.e-18
102	ee12|223|4|556|557||777||	-0.161310650211735	1.e-13
103	ee12|223|4|556|567|7|77||	8.6472135	1.13e-5
104	ee12|223|4|556|577|6|77||	6.18382529	6.72e-6
105	ee12|223|4|556|677|67|7||	4.90263594	3.45e-6
106	ee12|223|4|567|567|67|7||	1.30795030	6.71e-6
107	ee12|233|34|4|55|67|777||	(-16*Log[4/3])/3	0
108	ee12|233|34|4|56|677|77||	(4*Pi^2)/3	0
109	ee12|233|34|5|556|7|777||	-0.747863785646578	1.e-13
110	ee12|233|34|5|566|77|77||	6.869625407381972	1.e-13
111	ee12|233|34|5|567|67|77||	8.46268706	5.87e-6
112	ee12|233|34|5|666|777|7||	0.013309150807339	1.e-13
113	ee12|233|34|5|667|677|7||	11.4013530	2.37e-5
114	ee12|233|44|45|5|67|777||	(-4*(-6+Pi^2)*Log[4/3])/9	0
115	ee12|233|44|45|6|677|77||	4.874167171983001	1.e-13
116	ee12|233|44|55|56|7|777||	-0.16842407187345615459	1.e-18
117	ee12|233|44|55|66|77|77||	0.8731436875508383276391677640	1.e-25
118	ee12|233|44|55|67|67|77||	1.951759759481084	1.e-13
119	ee12|233|44|56|56|77|77||	0.745280519985373	1.e-13
120	ee12|233|44|56|57|67|77||	2.324662719134702	1.e-13
121	ee12|233|45|44|5|67|777||	(-8*(-6+Pi^2)*Log[4/3])/9	0
122	ee12|233|45|44|6|677|77||	9.748334343966002	1.e-13
123	ee12|233|45|45|56|7|777||	-0.175171629	2.69e-7
124	ee12|233|45|45|66|77|77||	1.34458847851157	1.e-12
125	ee12|233|45|45|67|67|77||	1.57404933	5.27e-6
126	ee12|233|45|46|55|7|777||	-0.222717438	2.71e-7
127	ee12|233|45|46|56|77|77||	3.753983420004753	1.e-13
128	ee12|233|45|46|57|67|77||	5.67785737	4.e-6
129	ee12|233|45|46|66|777|7||	-0.222718149	2.69e-7
130	ee12|233|45|46|67|677|7||	5.67784486	4.79e-6
131	ee12|233|45|46|77|667|7||	3.97498143	3.33e-6
132	ee12|233|45|66|557|7|77||	1.951759759481084	1.e-13
133	ee12|233|45|66|567|77|7||	4.649325438269404	1.e-13
134	ee12|233|45|66|667|777|||	-0.16842407187345615459	1.e-18
135	ee12|233|45|66|677|677|||	1.490561039970746	1.e-13
136	ee12|233|45|67|555||777||	(32*Log[4/3]^2)/9	0
137	ee12|233|45|67|556|7|77||	2.49871125	1.4e-6
138	ee12|233|45|67|566|77|7||	1.814911693923688	1.e-13
139	ee12|233|45|67|567|67|7||	1.75316753	2.35e-6
140	ee12|233|45|67|666|777|||	0.006160258787907	1.e-13
141	ee12|233|45|67|667|677|||	1.76333892	1.81e-6
142	ee12|234|34|45|5|67|777||	-0.45637196864980	1.e-12
143	ee12|234|34|45|6|677|77||	4.43269815	3.94e-6
144	ee12|234|34|55|56|7|777||	-0.15867398370526	1.e-12
145	ee12|234|34|55|66|77|77||	0.693801317645551	1.e-13
146	ee12|234|34|55|67|67|77||	1.59361126	1.27e-6
147	ee12|234|34|56|56|77|77||	0.636852463	6.68e-7
148	ee12|234|34|56|57|67|77||	1.98578241	2.06e-6
149	ee12|234|35|44|5|67|777||	-1.4792415595884	1.e-10
150	ee12|234|35|44|6|677|77||	14.6362830	3.12e-5
151	ee12|234|35|45|56|7|777||	-0.232360562272218	1.e-13
152	ee12|234|35|45|66|77|77||	1.804026385108132	1.e-13
153	ee12|234|35|45|67|67|77||	2.10949329	1.45e-6
154	ee12|234|35|46|55|7|777||	-0.279924086	3.25e-7
155	ee12|234|35|46|56|77|77||	4.81619654	4.36e-6
156	ee12|234|35|46|57|67|77||	7.20537513	5.98e-6
157	ee12|234|35|46|66|777|7||	-0.299295029	3.43e-7
158	ee12|234|35|46|67|677|7||	7.42951279	5.73e-6
159	ee12|234|35|46|77|667|7||	5.20698642	3.8e-6
160	ee12|234|35|66|557|7|77||	1.95358259	1.7e-6
161	ee12|234|35|66|567|77|7||	5.29427535	5.99e-6
162	ee12|234|35|66|667|777|||	-0.192893697	2.3e-7
163	ee12|234|35|66|677|677|||	1.73799750	1.5e-6
164	ee12|234|35|67|555||777||	0.036458523448193	1.e-13
165	ee12|234|35|67|556|7|77||	2.62532729	4.2e-6
166	ee12|234|35|67|566|77|7||	2.27890958	3.35e-6
167	ee12|234|35|67|567|67|7||	2.1346759	1.35e-5
168	ee12|234|35|67|666|777|||	0.0106985418	1.05e-8
169	ee12|234|35|67|667|677|||	2.24888754	4.81e-6
170	ee12|234|56|444||677|77||	(-8*Pi^2*Log[4/3])/9	0
171	ee12|234|56|445|5|7|777||	-0.19632603721458	1.e-12
172	ee12|234|56|445|6|77|77||	2.04172996	9.77e-6
173	ee12|234|56|445|7|67|77||	6.29377036	3.93e-6
174	ee12|234|56|447|7|667|7||	1.097990451	6.45e-7
175	ee12|234|56|455|57||777||	-0.295949352	3.49e-7
176	ee12|234|56|455|67|7|77||	4.88587545	4.06e-6
177	ee12|234|56|455|77|6|77||	1.650924033838938	1.e-13
178	ee12|234|56|456|57|7|77||	5.58524290	5.33e-6
179	ee12|234|56|456|77|67|7||	2.87239518	2.71e-6
180	ee12|234|56|457|67|67|7||	1.96917771	2.11e-6
181	ee12|234|56|555|677||77||	-0.350899321751001	1.e-13
182	ee12|234|56|556|577||77||	1.58604501	1.54e-6
183	ee12|234|56|556|677|7|7||	4.76444527	6.43e-6
184	ee12|234|56|557|667|7|7||	1.40138922	1.65e-6
185	ee12|234|56|567|567|7|7||	0.91199592	5.37e-6
186	ee12|333|344||55|67|777||	(-8*Log[4/3]*(1-8*Log[2]+Log[81]))/9	0
187	ee12|333|344||56|677|77||	(2*Pi^2*(1-8*Log[2]+Log[81]))/9	0
188	ee12|333|345||556|7|777||	0.01703296899422119057	1.e-18
189	ee12|333|345||566|77|77||	-((-1+Log[256/81])*(Pi^2*Log[4]-9*Zeta[3]))/3	0
190	ee12|333|345||567|67|77||	-0.17933381858	1.e-8
191	ee12|333|345||666|777|7||	-0.0005206912110304319546640373	1.e-25
192	ee12|333|345||667|677|7||	-0.23773877465	1.e-8
193	ee12|333|444|5|5|67|777||	-0.0005656811880035797563386034	1.e-25
194	ee12|333|444|5|6|677|77||	0.00525489045895416772	1.e-18
195	ee12|333|445|4|5|67|777||	0.041163257998026	1.e-13
196	ee12|333|445|4|6|677|77||	-0.388937226194642	1.e-13
197	ee12|333|445|5|56|7|777||	0.013269900386333	1.e-13
198	ee12|333|445|5|66|77|77||	-0.092023590382515	1.e-13
199	ee12|333|445|5|67|67|77||	-0.1089471202	8.2e-8
200	ee12|333|445|6|55|7|777||	0.01050978091790833544	1.e-18
201	ee12|333|445|6|56|77|77||	-0.1409750743	9.44e-8
202	ee12|333|445|6|57|67|77||	-0.223191423	1.52e-7
203	ee12|333|445|6|66|777|7||	0.007748927078380	1.e-13
204	ee12|333|445|6|67|677|7||	-0.198949882	1.65e-7
205	ee12|333|445|6|77|667|7||	-0.1409748502	9.42e-8
206	ee12|333|456|4|55|7|777||	0.013269900386333	1.e-13
207	ee12|333|456|4|56|77|77||	-0.0922191513	7.51e-8
208	ee12|333|456|4|57|67|77||	-0.286768107	3.21e-7
209	ee12|333|456|4|77|667|7||	-0.1089472442	8.6e-8
210	ee12|333|456|7|555||777||	-0.0011313623760071595126772068	1.e-25
211	ee12|333|456|7|556|7|77||	-0.198949559	1.65e-7
212	ee12|333|456|7|567|67|7||	-0.060931709	3.03e-7
213	ee12|334|334||55|67|777||	(-4*(-6+Pi^2)*Log[4/3])/9	0
214	ee12|334|334||56|677|77||	(Pi^2*(-6+Pi^2))/9	0
215	ee12|334|335||556|7|777||	-0.242457107691953	1.e-13
216	ee12|334|335||566|77|77||	2.244477292032402	1.e-13
217	ee12|334|335||567|67|77||	2.76149365	7.34e-6
218	ee12|334|335||666|777|7||	0.004013936329288	1.e-13
219	ee12|334|335||667|677|7||	3.72656598	6.54e-6
220	ee12|334|344|5|5|67|777||	-0.47709636312294	1.e-12
221	ee12|334|344|5|6|677|77||	4.7160876	1.12e-5
222	ee12|334|345|4|5|67|777||	-1.4792415595884	1.e-10
223	ee12|334|345|4|6|677|77||	14.50850130	7.02e-6
224	ee12|334|345|5|56|7|777||	-0.32729996278795	1.e-12
225	ee12|334|345|5|66|77|77||	2.594033820360619	1.e-13
226	ee12|334|345|5|67|67|77||	3.02403800	2.48e-6
227	ee12|334|345|6|55|7|777||	-0.207902198	2.42e-7
228	ee12|334|345|6|56|77|77||	3.48606838	2.54e-6
229	ee12|334|345|6|57|67|77||	5.32735179	5.8e-6
230	ee12|334|345|6|66|777|7||	-0.200542955	2.63e-7
231	ee12|334|345|6|67|677|7||	5.25085190	6.04e-6
232	ee12|334|345|6|77|667|7||	3.76513823	3.35e-6
233	ee12|334|355|4|56|7|777||	-0.253740137592145	1.e-13
234	ee12|334|355|4|66|77|77||	2.495942640871333	1.e-13
235	ee12|334|355|4|67|67|77||	2.81266928	1.86e-6
236	ee12|334|355|5|567||777||	-1.06697175981	1.e-8
237	ee12|334|355|5|667|7|77||	10.5992050	2.e-5
238	ee12|334|355|6|557||777||	-0.144977390	1.76e-7
239	ee12|334|355|6|567|7|77||	4.12803050	4.08e-6
240	ee12|334|355|6|577|6|77||	2.69605285	7.23e-6
241	ee12|334|355|6|667|77|7||	3.25234554	1.81e-6
242	ee12|334|355|6|677|67|7||	4.16014085	3.9e-6
243	ee12|334|355|6|777|66|7||	-0.146710193	1.72e-7
244	ee12|334|356|4|55|7|777||	-0.253740137592145	1.e-13
245	ee12|334|356|4|56|77|77||	2.17804455	1.27e-6
246	ee12|334|356|4|57|67|77||	6.79329298	4.08e-6
247	ee12|334|356|4|77|667|7||	2.81266873	1.5e-6
248	ee12|334|356|5|557||777||	-0.201509525	1.53e-7
249	ee12|334|356|5|567|7|77||	5.3447135	1.63e-5
250	ee12|334|356|5|577|6|77||	3.57182916	2.33e-6
251	ee12|334|356|5|667|77|7||	3.8160356	1.06e-5
252	ee12|334|356|5|677|67|7||	5.4661721	1.6e-5
253	ee12|334|356|5|777|66|7||	-0.211458148	1.5e-7
254	ee12|334|356|7|555||777||	0.0127778997877	1.e-10
255	ee12|334|356|7|556|7|77||	3.3185067	1.19e-5
256	ee12|334|356|7|557|6|77||	3.38656507	2.8e-6
257	ee12|334|356|7|567|67|7||	3.2012547	2.16e-5
258	ee12|334|356|7|577|66|7||	4.2456976	1.17e-5
259	ee12|334|356|7|777|666|||	0.14826669070400958262	1.e-18
260	ee12|334|455|44||67|777||	(-4*(-2+Pi^2)*Log[4/3])/3	0
261	ee12|334|455|45|6|7|777||	-0.225607373	2.97e-7
262	ee12|334|455|46|5|7|777||	-0.118217106	1.32e-7
263	ee12|334|455|46|6|77|77||	3.396096363131843	1.e-13
264	ee12|334|455|46|7|67|77||	4.68877394	3.02e-6
265	ee12|334|455|55|67||777||	(-2*Log[4/3]*(6+Pi^2*(-1+Log[16])-18*Zeta[3]))/3	0
266	ee12|334|455|56|67|7|77||	1.91061785	2.32e-6
267	ee12|334|455|56|77|6|77||	1.28259527065994	1.e-12
268	ee12|334|455|66|67|77|7||	1.538673318257536	1.e-13
269	ee12|334|455|66|77|67|7||	2.7803741704408	1.e-10
270	ee12|334|455|67|67|67|7||	1.146949120	9.86e-7
271	ee12|334|456|44||677|77||	(Pi^2*(-2+Pi^2))/3	0
272	ee12|334|456|45|5|7|777||	-0.382778881388509	1.e-13
273	ee12|334|456|45|6|77|77||	4.1109640	1.2e-5
274	ee12|334|456|45|7|67|77||	6.20412928	4.79e-6
275	ee12|334|456|47|5|67|77||	6.34455162	4.27e-6
276	ee12|334|456|47|7|667|7||	3.88559631	2.31e-6
277	ee12|334|456|55|57||777||	-0.244028519	3.21e-7
278	ee12|334|456|55|67|7|77||	4.08646685	4.31e-6
279	ee12|334|456|55|77|6|77||	2.713653667762207	1.e-13
280	ee12|334|456|56|57|7|77||	4.14684005	5.61e-6
281	ee12|334|456|56|77|67|7||	2.12650851	2.31e-6
282	ee12|334|456|57|55||777||	-0.210079997	2.47e-7
283	ee12|334|456|57|56|7|77||	4.24395930	5.65e-6
284	ee12|334|456|57|57|6|77||	4.18834187	3.84e-6
285	ee12|334|456|57|66|77|7||	4.44690235	3.22e-6
286	ee12|334|456|57|67|67|7||	5.85048144	8.64e-6
287	ee12|334|456|57|77|66|7||	3.95838642	3.87e-6
288	ee12|334|456|77|55|6|77||	3.247153716718071	1.e-13
289	ee12|334|456|77|56|67|7||	2.51370889	3.23e-6
290	ee12|334|456|77|57|66|7||	4.46514834	2.92e-6
291	ee12|334|456|77|77|666|||	(-2*Log[4/3]*(6+Pi^2*(-1+Log[256])-36*Zeta[3]))/3	0
292	ee12|334|556|44|5|7|777||	-1.52470601218076424902	1.e-18
293	ee12|334|556|44|6|77|77||	15.02864341734079586160	1.e-18
294	ee12|334|556|44|7|67|77||	25.0235610	3.88e-5
295	ee12|334|556|45|57||777||	-0.229633104	1.62e-7
296	ee12|334|556|45|67|7|77||	4.8010994	1.19e-5
297	ee12|334|556|45|77|6|77||	1.8202145	3.47e-5
298	ee12|334|556|46|57|7|77||	4.23164221	9.93e-6
299	ee12|334|556|46|67|77|7||	4.7693941	1.07e-5
300	ee12|334|556|46|77|67|7||	5.0802768	1.09e-5
301	ee12|334|556|47|55||777||	-0.1516032115	1.e-7
302	ee12|334|556|47|56|7|77||	4.1841798	1.26e-5
303	ee12|334|556|47|66|77|7||	3.29017140	7.08e-6
304	ee12|334|556|47|67|67|7||	3.70873977	8.04e-6
305	ee12|334|556|55|677||77||	3.553412373410108	1.e-13
306	ee12|334|556|56|577||77||	1.26489704	3.65e-6
307	ee12|334|556|56|677|7|7||	3.8291339	1.23e-5
308	ee12|334|556|57|667|7|7||	1.95211330	4.9e-6
309	ee12|334|556|66|577|7|7||	3.07614029	7.5e-6
310	ee12|334|556|66|677|77|||	2.20169985	2.23e-6
311	ee12|334|556|67|567|7|7||	2.27859349	8.07e-6
312	ee12|334|556|67|667|77|||	2.74270587	7.59e-6
313	ee12|334|556|77|666|77|||	-0.049881985142905	1.e-13
314	ee12|334|567|44|5|67|77||	18.2751760	1.96e-5
315	ee12|334|567|45|55||777||	-2.42170414	1.44e-6
316	ee12|334|567|45|56|7|77||	6.8950928	1.76e-5
317	ee12|334|567|45|66|77|7||	4.8231830	1.22e-5
318	ee12|334|567|45|67|67|7||	3.8209701	2.58e-5
319	ee12|334|567|55|567||77||	2.5131962	2.71e-5
320	ee12|334|567|55|667|7|7||	4.1774195	1.04e-5
321	ee12|334|567|56|557||77||	3.9348859	1.24e-5
322	ee12|334|567|56|567|7|7||	2.8461876	1.89e-5
323	ee12|334|567|56|577|6|7||	4.2650494	1.8e-5
324	ee12|334|567|56|777|66|||	-0.1168028062	8.63e-8
325	ee12|345|345|44||67|777||	-0.401309141832194	1.e-13
326	ee12|345|345|45|6|7|777||	-0.089500832	4.99e-7
327	ee12|345|345|46|6|77|77||	1.01910170	1.73e-6
328	ee12|345|345|46|7|67|77||	1.4775310	1.03e-5
329	ee12|345|345|66|67|77|7||	0.94462937	1.56e-6
330	ee12|345|345|67|67|67|7||	0.26756263	1.4e-6
331	ee12|345|346|44||677|77||	3.98311969	6.18e-6
332	ee12|345|346|45|5|7|777||	-0.18493007	1.06e-6
333	ee12|345|346|45|6|77|77||	2.09770863	3.39e-6
334	ee12|345|346|45|7|67|77||	6.1299820	1.85e-5
335	ee12|345|346|47|7|667|7||	1.53265136	9.19e-6
336	ee12|345|346|55|57||777||	-0.35050634874261	1.e-12
337	ee12|345|346|55|67|7|77||	5.85794567	6.23e-6
338	ee12|345|346|55|77|6|77||	3.84377608	3.72e-6
339	ee12|345|346|56|57|7|77||	5.25207089	8.14e-6
340	ee12|345|346|56|77|67|7||	2.64374680	3.97e-6
341	ee12|345|346|57|57|6|77||	2.4996400	1.01e-5
342	ee12|345|346|57|67|67|7||	3.4419824	4.e-5
343	ee12|345|346|57|77|66|7||	3.80021495	5.09e-6
344	ee12|345|346|77|77|666|||	-0.0481642260	3.64e-8
345	ee12|345|367|44|5|67|77||	3.69499800	2.79e-6
346	ee12|345|367|44|6|677|7||	5.88929059	6.19e-6
347	ee12|345|367|45|55||777||	-1.77042504778	1.e-9
348	ee12|345|367|45|56|7|77||	3.5004670	3.92e-5
349	ee12|345|367|45|66|77|7||	1.98036392	2.03e-6
350	ee12|345|367|45|67|67|7||	1.7217091	2.61e-5
351	ee12|345|367|46|55|7|77||	3.26024154	8.45e-6
352	ee12|345|367|46|56|77|7||	2.72408764	2.46e-6
353	ee12|345|367|46|57|67|7||	3.5855441	2.76e-5
354	ee12|345|367|46|66|777|||	-0.150117631	1.77e-7
355	ee12|345|367|46|67|677|||	2.5680585	1.54e-5
356	ee12|345|367|46|77|667|||	1.93760681	8.49e-6
357	e112|e2|33|44|55|67|777||	(-32*Log[4/3])/9	0
358	e112|e2|33|44|56|677|77||	(8*Pi^2)/9	0
359	e112|e2|33|45|556|7|777||	-0.45201783994277574811	1.e-18
360	e112|e2|33|45|566|77|77||	(4*(Pi^2*Log[4]-9*Zeta[3]))/3	0
361	e112|e2|33|45|567|67|77||	4.7591283312	1.e-7
362	e112|e2|33|45|666|777|7||	0.0138180088607579513193293622	1.e-25
363	e112|e2|33|45|667|677|7||	6.3090684557	1.e-7
364	e112|e2|34|445|5|67|777||	(-32*Log[4/3])/9	0
365	e112|e2|34|445|6|677|77||	9.661133975082159	1.e-13
366	e112|e2|34|455|56|7|777||	-0.65336137161364494367	1.e-18
367	e112|e2|34|455|66|77|77||	2.2850001249483924809936348645	1.e-25
368	e112|e2|34|455|67|67|77||	5.39354548453239	1.e-12
369	e112|e2|34|456|56|77|77||	2.27467954696	1.e-9
370	e112|e2|34|456|57|67|77||	7.07184001174911	1.e-12
371	e112|e2|34|555|567||777||	(-32*Log[4/3]*(1-8*Log[2]+Log[81]))/27	0
372	e112|e2|34|555|667|7|77||	-0.46983878302898346503	1.e-18
373	e112|e2|34|556|557||777||	-0.190205648654074	1.e-13
374	e112|e2|34|556|567|7|77||	9.84518894756	1.e-9
375	e112|e2|34|556|577|6|77||	7.00166965925	1.e-9
376	e112|e2|34|556|677|67|7||	5.543636809294679	1.e-13
377	e112|e2|34|567|567|67|7||	1.50012520	2.04e-6
378	e112|e3|334|4|55|67|777||	-1.166169039633300	1.e-13
379	e112|e3|334|4|56|677|77||	10.002037134159730	1.e-13
380	e112|e3|334|5|556|7|777||	-0.558773918551330	1.e-13
381	e112|e3|334|5|566|77|77||	5.027761949223220	1.e-13
382	e112|e3|334|5|567|67|77||	6.2133172	1.36e-5
383	e112|e3|334|5|666|777|7||	0.011774261196140	1.e-13
384	e112|e3|334|5|667|677|7||	8.3355806	1.46e-5
385	e112|e3|344|45|5|67|777||	-2.439389375447533	1.e-13
386	e112|e3|344|45|6|677|77||	23.77057590	9.81e-6
387	e112|e3|344|55|56|7|777||	-0.208828039156517	1.e-13
388	e112|e3|344|55|66|77|77||	1.930151489214489	1.e-13
389	e112|e3|344|55|67|67|77||	2.19322230	1.17e-6
390	e112|e3|344|56|55|7|777||	-0.417656078313034	1.e-13
391	e112|e3|344|56|56|77|77||	3.44954827	1.93e-6
392	e112|e3|344|56|57|67|77||	10.75452330	6.03e-6
393	e112|e3|344|56|77|667|7||	4.38644291	2.34e-6
394	e112|e3|345|45|56|7|777||	-0.227801596	9.78e-7
395	e112|e3|345|45|66|77|77||	1.632634677	9.29e-7
396	e112|e3|345|45|67|67|77||	1.9290580	3.9e-5
397	e112|e3|345|46|55|7|777||	-0.576835102	3.92e-7
398	e112|e3|345|46|56|77|77||	4.54078097	2.7e-6
399	e112|e3|345|46|57|67|77||	13.7690130	2.51e-5
400	e112|e3|345|46|77|667|7||	4.78939767	8.e-6
401	e112|e3|345|67|555||777||	(256*Log[4/3]^2)/81	0
402	e112|e3|345|67|556|7|77||	2.86852162	6.8e-6
403	e112|e3|345|67|566|77|7||	2.16666231	1.6e-6
404	e112|e3|345|67|567|67|7||	2.1080690	1.01e-5
405	e112|e3|345|67|666|777|||	0.00967350958	1.e-8
406	e112|e3|345|67|667|677|||	2.11077893	7.64e-6
407	e112|e3|444|455||67|777||	0.0544350426618110476250929067	1.e-25
408	e112|e3|444|456||677|77||	-0.4668802717264797976747392607	1.e-25
409	e112|e3|444|555|6|7|777||	-0.0002773926763415196120577714	1.e-25
410	e112|e3|444|556|5|7|777||	0.02636047024988816934	1.e-18
411	e112|e3|444|556|6|77|77||	-0.23644433673810954439	1.e-18
412	e112|e3|444|556|7|67|77||	-0.392001221	2.46e-7
413	e112|e3|444|567|5|67|77||	-0.292789961	2.97e-7
414	e112|e3|445|445||67|777||	-0.797208095378545	1.e-13
415	e112|e3|445|446||677|77||	7.834943883168957	1.e-13
416	e112|e3|445|455|6|7|777||	-0.191574570	2.28e-7
417	e112|e3|445|456|5|7|777||	-0.666656518	4.12e-7
418	e112|e3|445|456|6|77|77||	6.58931786	5.37e-6
419	e112|e3|445|456|7|67|77||	10.0305310	3.02e-5
420	e112|e3|445|466|5|77|77||	5.71765793	3.91e-6
421	e112|e3|445|466|6|777|7||	-0.398279524	2.27e-7
422	e112|e3|445|466|7|677|7||	7.6361378	1.84e-5
423	e112|e3|445|467|5|67|77||	6.5690272	1.26e-5
424	e112|e3|445|467|6|677|7||	10.1867110	2.38e-5
425	e112|e3|445|566|57|7|77||	8.24441503	5.86e-6
426	e112|e3|445|566|67|77|7||	3.47176279	2.88e-6
427	e112|e3|445|567|55||777||	-5.40878374935699341805	1.e-18
428	e112|e3|445|567|56|7|77||	11.7959250	2.68e-5
429	e112|e3|445|567|66|77|7||	7.65439860	5.95e-6
430	e112|e3|445|567|67|67|7||	6.2671633	2.65e-5
431	e112|e3|445|667|55|7|77||	28.02538763215420020110	1.e-18
432	e112|e3|445|667|56|77|7||	4.32122485	8.12e-6
433	e112|e3|445|667|57|67|7||	6.4443301	1.2e-5
434	e112|e3|445|667|66|777|||	-0.124563365722620	1.e-13
435	e112|e3|445|667|67|677|||	3.44223628	9.33e-6
436	e112|e3|445|667|77|667|||	2.64758410	2.7e-6
437	e112|e3|456|456|57|7|77||	2.7397419	1.12e-5
438	e112|e3|456|457|55||777||	-0.149915964	1.03e-7
439	e112|e3|456|457|56|7|77||	5.5858802	1.94e-5
440	e112|e3|456|457|66|77|7||	5.3881779	1.33e-5
441	e112|e3|456|457|67|67|7||	3.8779814	2.11e-5
442	e112|23|e3|44|55|67|777||	-2.35408995015542700930	1.e-18
443	e112|23|e3|44|56|677|77||	20.19063643295718950680	1.e-18
444	e112|23|e3|45|556|7|777||	-1.040299431839311	1.e-13
445	e112|23|e3|45|566|77|77||	8.787466925474881	1.e-13
446	e112|23|e3|45|567|67|77||	10.9529280	2.97e-5
447	e112|23|e3|45|666|777|7||	0.031801547409760	1.e-13
448	e112|23|e3|45|667|677|7||	14.5200610	3.54e-5
449	e112|23|e4|445|5|67|777||	-2.772110821272421	1.e-13
450	e112|23|e4|445|6|677|77||	26.340950116818570	1.e-13
451	e112|23|e4|455|56|7|777||	-0.895311888056589	1.e-13
452	e112|23|e4|455|66|77|77||	6.690081721964769	1.e-13
453	e112|23|e4|455|67|67|77||	7.81673342	4.79e-6
454	e112|23|e4|456|55|7|777||	-0.895311888056589	1.e-13
455	e112|23|e4|456|56|77|77||	6.47782165	4.27e-6
456	e112|23|e4|456|57|67|77||	20.1520980	1.33e-5
457	e112|23|e4|456|77|667|7||	7.81673449	4.79e-6
458	e112|23|e4|555|567||777||	0.06230184032505353190	1.e-18
459	e112|23|e4|555|667|7|77||	-0.60704044711241274920	1.e-18
460	e112|23|e4|556|557||777||	-0.521964280630444	1.e-13
461	e112|23|e4|556|567|7|77||	14.3873170	2.85e-5
462	e112|23|e4|556|577|6|77||	10.3405710	2.39e-5
463	e112|23|e4|556|667|77|7||	10.3405630	2.33e-5
464	e112|23|e4|556|677|67|7||	16.4126850	2.59e-5
465	e112|23|e4|556|777|66|7||	-0.60704044711241274920	1.e-18
466	e112|23|e4|567|555||777||	0.06230184032505353190	1.e-18
467	e112|23|e4|567|556|7|77||	14.3873550	2.85e-5
468	e112|23|e4|567|567|67|7||	4.3225917	1.79e-5
469	e112|23|34|e4|55|67|777||	-2.55648563889140707871	1.e-18
470	e112|23|34|e4|56|677|77||	21.92655046062479597300	1.e-18
471	e112|23|34|e5|556|7|777||	-1.26174356126060	1.e-12
472	e112|23|34|e5|566|77|77||	11.836871323411720	1.e-13
473	e112|23|34|e5|567|67|77||	14.5287210	1.77e-5
474	e112|23|34|e5|666|777|7||	0.018259106920090	1.e-13
475	e112|23|34|e5|667|677|7||	19.6656750	3.08e-5
476	e112|23|34|45|e5|67|777||	-2.714764299456604	1.e-13
477	e112|23|34|45|e6|677|77||	26.959560390585160	1.e-13
478	e112|23|34|45|56|e7|777||	-0.672393029250890	1.e-13
479	e112|23|34|45|56|67|77|e|	7.6684840	1.03e-5
480	e112|23|34|45|56|77|e77||	9.84036217	5.03e-6
481	e112|23|34|45|66|e77|77||	6.990974179368245	1.e-13
482	e112|23|34|45|66|677|7|e|	10.551394063959350	1.e-13
483	e112|23|34|45|66|777|e7||	-0.395550118452263	1.e-13
484	e112|23|34|45|67|e67|77||	7.7793556	1.12e-5
485	e112|23|34|45|67|667|7|e|	13.8791370	3.17e-5
486	e112|23|34|55|e56|7|777||	-0.447852813281505	1.e-13
487	e112|23|34|55|e66|77|77||	5.207497159989426	1.e-13
488	e112|23|34|55|e67|67|77||	5.70244012	3.02e-6
489	e112|23|34|55|566|7|77|e|	6.95136805	4.34e-6
490	e112|23|34|55|567|e|777||	-2.105832169786125	1.e-13
491	e112|23|34|55|567|6|77|e|	5.36008565	2.67e-6
492	e112|23|34|55|666|77|7|e|	-0.258861272685658	1.e-13
493	e112|23|34|55|667|e7|77||	21.251466229610070	1.e-13
494	e112|23|34|55|667|67|7|e|	9.94149664	5.34e-6
495	e112|23|34|55|667|77|e7||	7.70885466106059	1.e-12
496	e112|23|34|56|e55|7|777||	-0.447852813281505	1.e-13
497	e112|23|34|56|e56|77|77||	4.22041138	2.36e-6
498	e112|23|34|56|e57|67|77||	13.15711190	7.19e-6
499	e112|23|34|56|e77|667|7||	5.70243276	3.02e-6
500	e112|23|34|56|556|7|77|e|	8.5216328	1.64e-5
501	e112|23|34|56|557|e|777||	-0.393203307	3.36e-7
502	e112|23|34|56|557|6|77|e|	8.61765370	4.81e-6
503	e112|23|34|56|557|7|e77||	9.4956555	1.36e-5
504	e112|23|34|56|567|e7|77||	12.0762060	2.49e-5
505	e112|23|34|56|567|67|7|e|	7.4398691	2.53e-5
506	e112|23|34|56|577|e6|77||	8.04014868	5.15e-6
507	e112|23|34|56|577|66|7|e|	9.8497480	1.35e-5
508	e112|23|34|56|577|67|e7||	12.4041090	1.99e-5
509	e112|23|34|56|777|e66|7||	-0.405504410031353	1.e-13
510	e112|23|44|e45|5|67|777||	-1.92796508495972058892	1.e-18
511	e112|23|44|e45|6|677|77||	19.245750997988920	1.e-13
512	e112|23|44|e55|56|7|777||	-0.31302768837134665003	1.e-18
513	e112|23|44|e55|66|77|77||	3.88442168146235714896	1.e-18
514	e112|23|44|e55|67|67|77||	4.211847264640647	1.e-13
515	e112|23|44|e56|55|7|777||	-0.31302768837134665003	1.e-18
516	e112|23|44|e56|56|77|77||	3.065746375728548	1.e-13
517	e112|23|44|e56|57|67|77||	9.556094442752211	1.e-13
518	e112|23|44|e56|77|667|7||	4.211847264640647	1.e-13
519	e112|23|44|455|e|67|777||	-1.91237619940934918585	1.e-18
520	e112|23|44|455|6|e7|777||	-0.26702391665406	1.e-12
521	e112|23|44|455|6|67|77|e|	3.679515375660556	1.e-13
522	e112|23|44|455|6|77|e77||	4.905309908243632	1.e-13
523	e112|23|44|456|e|677|77||	16.40213134709031605320	1.e-18
524	e112|23|44|456|5|e7|777||	-0.455932027794544	1.e-13
525	e112|23|44|456|5|77|e77||	6.791894929690772	1.e-13
526	e112|23|44|456|7|e67|77||	9.6212267	3.15e-5
527	e112|23|44|456|7|667|7|e|	5.43130955	7.41e-6
528	e112|23|44|555|e6|7|777||	0.01127322232586801169	1.e-18
529	e112|23|44|555|66|7|77|e|	-0.17704952768378832951	1.e-18
530	e112|23|44|555|67|6|77|e|	-0.13603693729103787277	1.e-18
531	e112|23|44|556|e5|7|777||	-0.95263206332548903089	1.e-18
532	e112|23|44|556|e6|77|77||	9.08650128812146376783	1.e-18
533	e112|23|44|556|e7|67|77||	15.1081680	3.e-5
534	e112|23|44|556|56|7|77|e|	6.0331779	1.5e-5
535	e112|23|44|556|57|e|777||	-0.26737626566121	1.e-12
536	e112|23|44|556|57|6|77|e|	6.7667098	1.39e-5
537	e112|23|44|556|57|7|e77||	6.111730437775800	1.e-13
538	e112|23|44|556|66|77|7|e|	5.028703839955311	1.e-13
539	e112|23|44|556|67|e7|77||	7.1656690	1.36e-5
540	e112|23|44|556|67|67|7|e|	8.8894007	2.04e-5
541	e112|23|44|556|67|77|e7||	5.770143759598032	1.e-13
542	e112|23|44|556|77|e6|77||	2.84168573716380631483	1.e-18
543	e112|23|44|556|77|66|7|e|	16.48818537379167175300	1.e-18
544	e112|23|44|556|77|67|e7||	7.240133687645708	1.e-13
545	e112|23|44|567|e5|67|77||	11.1203310	3.11e-5
546	e112|23|44|567|55|e|777||	-1.61986869854095678993	1.e-18
547	e112|23|44|567|56|e7|77||	8.6112844	2.99e-5
548	e112|23|44|567|56|67|7|e|	5.2496085	1.54e-5
549	e112|23|45|e44|5|67|777||	-1.92796508495972058892	1.e-18
550	e112|23|45|e44|6|677|77||	19.245750997988920	1.e-13
551	e112|23|45|e45|56|7|777||	-0.31140238	1.33e-6
552	e112|23|45|e45|66|77|77||	2.58594830875242	1.e-12
553	e112|23|45|e45|67|67|77||	2.99081587	4.91e-6
554	e112|23|45|e46|55|7|777||	-0.390345884	2.3e-7
555	e112|23|45|e46|56|77|77||	7.228941062684401	1.e-13
556	e112|23|45|e46|57|67|77||	10.8946870	3.12e-5
557	e112|23|45|e46|66|777|7||	-0.390345664	2.3e-7
558	e112|23|45|e46|67|677|7||	10.8946910	1.47e-5
559	e112|23|45|e46|77|667|7||	7.6941177	3.53e-5
560	e112|23|45|e66|557|7|77||	4.211847264640647	1.e-13
561	e112|23|45|e66|567|77|7||	9.556094442752211	1.e-13
562	e112|23|45|e66|667|777|||	-0.31302768837134665003	1.e-18
563	e112|23|45|e66|677|677|||	3.065746375728548	1.e-13
564	e112|23|45|e67|556|7|77||	5.1960562	1.08e-5
565	e112|23|45|e67|566|77|7||	3.540740504724852	1.e-13
566	e112|23|45|e67|567|67|7||	3.3781867	1.42e-5
567	e112|23|45|e67|666|777|||	0.00872100840468	1.e-12
568	e112|23|45|e67|667|677|||	3.4298021	1.13e-5
569	e112|23|45|445|e|67|777||	-1.873737473923877	1.e-13
570	e112|23|45|445|6|e7|777||	-0.349135725	2.61e-7
571	e112|23|45|445|6|67|77|e|	4.42783545	7.66e-6
572	e112|23|45|445|6|77|e77||	5.81038596	4.08e-6
573	e112|23|45|446|e|677|77||	18.79475864310830	1.e-12
574	e112|23|45|446|5|e7|777||	-0.350958453566790	1.e-13
575	e112|23|45|446|5|67|77|e|	4.490148243712768	1.e-13
576	e112|23|45|446|5|77|e77||	5.902541282397187	1.e-13
577	e112|23|45|446|6|e77|77||	6.84943982	3.56e-6
578	e112|23|45|446|6|677|7|e|	10.2265270	2.21e-5
579	e112|23|45|446|6|777|e7||	-0.361225699	2.27e-7
580	e112|23|45|446|7|e67|77||	8.6575963	1.56e-5
581	e112|23|45|446|7|667|7|e|	8.1259942	1.37e-5
582	e112|23|45|446|7|677|e7||	8.1749090	1.49e-5
583	e112|23|45|456|e5|7|777||	-0.58080145602896	1.e-12
584	e112|23|45|456|e6|77|77||	6.74466301	4.53e-6
585	e112|23|45|456|e7|67|77||	10.1121880	3.64e-5
586	e112|23|45|456|56|7|77|e|	9.2146970	2.08e-5
587	e112|23|45|456|57|7|e77||	4.6391522	1.3e-5
588	e112|23|45|456|66|77|7|e|	7.8830308	1.37e-5
589	e112|23|45|456|67|67|7|e|	5.5215826	1.45e-5
590	e112|23|45|456|67|77|e7||	8.2023628	2.06e-5
591	e112|23|45|466|e5|77|77||	5.11345849462385	1.e-12
592	e112|23|45|466|e6|777|7||	-0.362072754	2.46e-7
593	e112|23|45|466|e7|677|7||	7.4053342	2.46e-5
594	e112|23|45|466|55|7|77|e|	6.75280167	3.7e-6
595	e112|23|45|466|56|77|7|e|	8.1165291	1.26e-5
596	e112|23|45|466|57|e7|77||	7.04204215	4.08e-6
597	e112|23|45|466|57|67|7|e|	8.4596102	2.57e-5
598	e112|23|45|466|57|77|e7||	8.6886954	1.44e-5
599	e112|23|45|466|67|e77|7||	8.55716826	4.8e-6
600	e112|23|45|466|67|677||e|	7.9369841	1.3e-5
601	e112|23|45|466|67|777|e||	-0.23719691316428783033	1.e-18
602	e112|23|45|466|77|e67|7||	6.69754526	4.6e-6
603	e112|23|45|466|77|667||e|	5.26130025	4.05e-6
604	e112|23|45|466|77|677|e||	5.63489295	3.71e-6
605	e112|23|45|467|e5|67|77||	5.8647628	1.11e-5
606	e112|23|45|467|e6|677|7||	10.3016750	2.03e-5
607	e112|23|45|467|55|e|777||	-1.16342084467024206540	1.e-18
608	e112|23|45|467|56|e7|77||	10.4272860	1.85e-5
609	e112|23|45|467|56|67|7|e|	11.4106430	2.21e-5
610	e112|23|45|467|56|77|e7||	8.3396940	2.33e-5
611	e112|23|45|467|66|e77|7||	8.43206224	5.13e-6
612	e112|23|45|467|66|677||e|	7.8642067	1.42e-5
613	e112|23|45|467|66|777|e||	-0.20109644879274	1.e-12
614	e112|23|45|467|67|e67|7||	6.1807135	1.78e-5
615	e112|23|45|467|67|667||e|	8.1177780	2.06e-5
616	e112|23|45|666|e57|77|7||	-0.364072136675667	1.e-13
617	e112|23|45|666|e67|777|||	0.01817887403054307035	1.e-18
618	e112|23|45|666|e77|677|||	-0.258843327320203	1.e-13
619	e112|23|45|666|557|7|7|e|	-0.200169408909003	1.e-13
620	e112|23|45|667|e55|7|77||	11.78720996959719110600	1.e-18
621	e112|23|45|667|e56|77|7||	7.5786600	2.08e-5
622	e112|23|45|667|e57|67|7||	10.7837880	2.02e-5
623	e112|23|45|667|e66|777|||	-0.25858649539582	1.e-12
624	e112|23|45|667|e67|677|||	6.5598931	1.42e-5
625	e112|23|45|667|e77|667|||	5.5622849	1.43e-5
626	e112|23|45|667|556|7|7|e|	9.5249046	2.28e-5
627	e112|23|45|667|557|7|e7||	3.098168065265289	1.e-13
628	e112|23|45|667|566|77||e|	5.345853808215868	1.e-13
629	e112|23|45|667|567|67||e|	4.21766948	9.03e-6
630	e112|23|45|667|567|77|e||	8.6189364	2.22e-5
631	e112|33|e34|4|55|67|777||	-1.6726027414808141208025548453	1.e-25
632	e112|33|e34|4|56|677|77||	14.3456344341374474467937149670	1.e-25
633	e112|33|e34|5|556|7|777||	-0.827417262051217	1.e-13
634	e112|33|e34|5|566|77|77||	7.793925523972556	1.e-13
635	e112|33|e34|5|567|67|77||	9.55957769	6.65e-6
636	e112|33|e34|5|666|777|7||	0.011438843402558	1.e-13
637	e112|33|e34|5|667|677|7||	12.9513020	3.15e-5
638	e112|33|e44|45|5|67|777||	-1.2967673858443294837344168768	1.e-25
639	e112|33|e44|45|6|677|77||	12.974610647637830	1.e-13
640	e112|33|e44|55|56|7|777||	-0.20859766102796202170	1.e-18
641	e112|33|e44|55|66|77|77||	1.3350949995918844206659691795	1.e-25
642	e112|33|e44|55|67|67|77||	2.881136442215217	1.e-13
643	e112|33|e44|56|55|7|777||	-0.10429883051398101085	1.e-18
644	e112|33|e44|56|56|77|77||	2.080371543578415	1.e-13
645	e112|33|e44|56|57|67|77||	6.483745669621815	1.e-13
646	e112|33|e44|56|77|667|7||	1.440568221107609	1.e-13
647	e112|33|e45|44|5|67|777||	-1.2967673858443294837344168768	1.e-25
648	e112|33|e45|44|6|677|77||	12.974610647637830	1.e-13
649	e112|33|e45|45|56|7|777||	-0.205842793	3.16e-7
650	e112|33|e45|45|66|77|77||	1.734286353495417	1.e-13
651	e112|33|e45|45|67|67|77||	2.00142459	1.25e-6
652	e112|33|e45|46|55|7|777||	-0.257196011	1.84e-7
653	e112|33|e45|46|56|77|77||	4.848904013958039	1.e-13
654	e112|33|e45|46|57|67|77||	7.30300176	8.2e-6
655	e112|33|e45|46|66|777|7||	-0.257195910	1.84e-7
656	e112|33|e45|46|67|677|7||	7.30301311	4.91e-6
657	e112|33|e45|46|77|667|7||	5.16573536	3.58e-6
658	e112|33|e45|66|557|7|77||	2.881136442215217	1.e-13
659	e112|33|e45|66|567|77|7||	6.483745669621815	1.e-13
660	e112|33|e45|66|667|777|||	-0.20859766102796202170	1.e-18
661	e112|33|e45|66|677|677|||	2.080371543578415	1.e-13
662	e112|33|e45|67|556|7|77||	3.53249533	1.87e-6
663	e112|33|e45|67|566|77|7||	2.380344592960133	1.e-13
664	e112|33|e45|67|567|67|7||	2.26591280	2.92e-6
665	e112|33|e45|67|666|777|||	0.00548976650085	1.e-12
666	e112|33|e45|67|667|677|||	2.30455787	2.11e-6
667	e112|33|344|e|55|67|777||	-0.7969656320195269743563937108	1.e-25
668	e112|33|344|e|56|677|77||	6.8354411540671171160253157836	1.e-25
669	e112|33|344|5|e5|67|777||	-1.387191453021432	1.e-13
670	e112|33|344|5|e6|677|77||	14.028639759669630	1.e-13
671	e112|33|344|5|56|e7|777||	-0.288462941406731	1.e-13
672	e112|33|344|5|56|77|e77||	2.25699966	1.08e-6
673	e112|33|344|5|66|e77|77||	3.406495836996324	1.e-13
674	e112|33|344|5|66|777|e7||	-0.165982951963978	1.e-13
675	e112|33|344|5|67|e67|77||	3.72150745	2.34e-6
676	e112|33|344|5|67|667|7|e|	6.46631543	4.18e-6
677	e112|33|345|e|556|7|777||	-0.352188281561046	1.e-13
678	e112|33|345|e|566|77|77||	2.974953922916588	1.e-13
679	e112|33|345|e|567|67|77||	3.70805592	8.99e-6
680	e112|33|345|e|666|777|7||	0.010766258242998	1.e-13
681	e112|33|345|e|667|677|7||	4.9157295	1.46e-5
682	e112|33|345|4|e5|67|777||	-1.754851708322594	1.e-13
683	e112|33|345|4|e6|677|77||	17.448675388143310	1.e-13
684	e112|33|345|4|56|e7|777||	-0.429945222839051	1.e-13
685	e112|33|345|4|56|77|e77||	3.15926882	2.17e-6
686	e112|33|345|4|66|e77|77||	4.506492440543019	1.e-13
687	e112|33|345|4|66|777|e7||	-0.252687181835540	1.e-13
688	e112|33|345|4|67|e67|77||	5.00877714	2.8e-6
689	e112|33|345|4|67|667|7|e|	8.92112435	5.11e-6
690	e112|33|345|6|e56|77|77||	5.21146768	4.62e-6
691	e112|33|345|6|e57|67|77||	8.03735956	4.64e-6
692	e112|33|345|6|e66|777|7||	-0.251637506	1.51e-7
693	e112|33|345|6|e67|677|7||	7.81552589	5.4e-6
694	e112|33|345|6|e77|667|7||	6.14426059	3.27e-6
695	e112|33|345|6|556|7|77|e|	6.40489560	3.61e-6
696	e112|33|345|6|557|7|e77||	3.72150438	2.35e-6
697	e112|33|345|6|566|77|7|e|	5.56982804	3.83e-6
698	e112|33|345|6|567|67|7|e|	4.8028916	1.38e-5
699	e112|33|345|6|567|77|e7||	8.55224232	5.64e-6
700	e112|33|345|6|667|677||e|	5.50544776	4.09e-6
701	e112|33|345|6|667|777|e||	-0.288462941406731	1.e-13
702	e112|33|345|6|677|677|e||	2.74338100	1.89e-6
703	e112|33|444|e5|5|67|777||	0.0416030494433615603988174462	1.e-25
704	e112|33|444|e5|6|677|77||	-0.40885001592022765459	1.e-18
705	e112|33|444|55|6|e7|777||	0.0035178426261112606047840210	1.e-25
706	e112|33|444|55|6|77|e77||	-0.0581258571611956644950831238	1.e-25
707	e112|33|444|56|5|e7|777||	0.01138145098366280899	1.e-18
708	e112|33|444|56|7|e67|77||	-0.234834295525825	1.e-13
709	e112|33|444|56|7|667|7|e|	-0.130453521241065	1.e-13
710	e112|33|445|e4|5|67|777||	-0.952125369698315	1.e-13
711	e112|33|445|e4|6|677|77||	9.054320223497546	1.e-13
712	e112|33|445|e5|56|7|777||	-0.615201579432106	1.e-13
713	e112|33|445|e5|66|77|77||	2.321372329897618	1.e-13
714	e112|33|445|e5|67|67|77||	5.41555469	3.86e-6
715	e112|33|445|e6|56|77|77||	7.18426327	4.26e-6
716	e112|33|445|e6|57|67|77||	5.70332967	3.51e-6
717	e112|33|445|e6|66|777|7||	-0.179292668700305	1.e-13
718	e112|33|445|e6|67|677|7||	9.97808634	7.76e-6
719	e112|33|445|45|e|67|777||	-1.253559618955545	1.e-13
720	e112|33|445|45|6|e7|777||	-0.227001545	1.52e-7
721	e112|33|445|45|6|77|e77||	1.90963304	1.2e-6
722	e112|33|445|46|e|677|77||	12.60967711389490	1.e-12
723	e112|33|445|46|5|e7|777||	-0.234258339	1.62e-7
724	e112|33|445|46|5|77|e77||	4.53701468	2.91e-6
725	e112|33|445|46|6|e77|77||	1.943952171303037	1.e-13
726	e112|33|445|46|6|777|e7||	-0.228200715967591	1.e-13
727	e112|33|445|46|7|e67|77||	5.39132931	3.26e-6
728	e112|33|445|46|7|667|7|e|	5.35431125	3.89e-6
729	e112|33|445|46|7|677|e7||	5.72414396	3.62e-6
730	e112|33|445|55|e6|7|777||	-0.175262349012178	1.e-13
731	e112|33|445|55|66|7|77|e|	1.639394628593855	1.e-13
732	e112|33|445|55|67|e|777||	-0.6605381585312927627938093419	1.e-25
733	e112|33|445|56|e6|77|77||	3.78855936	3.79e-6
734	e112|33|445|56|e7|67|77||	5.83870339	3.1e-6
735	e112|33|445|56|56|7|77|e|	5.26873338	3.79e-6
736	e112|33|445|56|57|e|777||	-0.235366911	1.92e-7
737	e112|33|445|56|57|6|77|e|	5.39158916	3.06e-6
738	e112|33|445|56|57|7|e77||	5.69921338	6.11e-6
739	e112|33|445|56|66|77|7|e|	3.49578642	2.4e-6
740	e112|33|445|56|67|e7|77||	4.93530001	4.21e-6
741	e112|33|445|56|67|67|7|e|	5.59831911	8.12e-6
742	e112|33|445|56|67|77|e7||	4.45984023	4.81e-6
743	e112|33|445|56|77|e6|77||	3.417445281111771	1.e-13
744	e112|33|445|56|77|67|e7||	4.69896980	3.74e-6
745	e112|33|445|66|e6|777|7||	-0.175869720718640	1.e-13
746	e112|33|445|66|e7|677|7||	4.86590407	2.44e-6
747	e112|33|445|66|55|7|77|e|	5.78985697369929418764	1.e-18
748	e112|33|445|66|56|77|7|e|	4.55045297	2.36e-6
749	e112|33|445|66|57|e7|77||	4.918400657001705	1.e-13
750	e112|33|445|66|57|67|7|e|	5.99164281	3.43e-6
751	e112|33|445|66|57|77|e7||	5.27903209	3.16e-6
752	e112|33|445|66|67|e77|7||	4.100623067818082	1.e-13
753	e112|33|445|66|67|677||e|	4.04490655	2.77e-6
754	e112|33|445|66|67|777|e||	-0.33026032538491008183	1.e-18
755	e112|33|445|66|77|e67|7||	3.891699953158196	1.e-13
756	e112|33|445|66|77|677|e||	3.17387427136329604548	1.e-18
757	e112|33|445|67|e6|677|7||	5.79808992	3.16e-6
758	e112|33|445|67|56|e7|77||	6.42290171	3.61e-6
759	e112|33|445|67|56|67|7|e|	7.20569820	4.94e-6
760	e112|33|445|67|56|77|e7||	5.06807137	3.24e-6
761	e112|33|445|67|66|e77|7||	3.559362365422988	1.e-13
762	e112|33|445|67|66|677||e|	3.71021399	2.23e-6
763	e112|33|445|67|66|777|e||	-0.083522569348829	1.e-13
764	e112|33|445|67|67|e67|7||	2.79780354	2.32e-6
765	e112|33|445|67|67|667||e|	4.37164835	3.5e-6
766	e112|33|456|e4|56|77|77||	2.23778894	1.68e-6
767	e112|33|456|e4|57|67|77||	6.96203747	6.57e-6
768	e112|33|456|e7|567|67|7||	1.49525756	7.36e-6
769	e112|33|456|44|e|677|77||	5.6653254936668103377047534386	1.e-25
770	e112|33|456|44|5|e7|777||	-0.300146968475985	1.e-13
771	e112|33|456|44|7|e67|77||	6.39522244	3.8e-6
772	e112|33|456|44|7|667|7|e|	3.62200199	2.2e-6
773	e112|33|456|45|e5|7|777||	-0.379346794	2.69e-7
774	e112|33|456|45|e6|77|77||	4.47084040	4.28e-6
775	e112|33|456|45|e7|67|77||	6.69418705	7.35e-6
776	e112|33|456|45|56|7|77|e|	6.04543610	5.86e-6
777	e112|33|456|45|57|7|e77||	3.04665653	2.96e-6
778	e112|33|456|45|66|77|7|e|	5.21396700	3.9e-6
779	e112|33|456|45|67|67|7|e|	3.6237143	1.24e-5
780	e112|33|456|45|67|77|e7||	5.40452218	4.36e-6
781	e112|33|456|47|e5|67|77||	6.83558647	6.4e-6
782	e112|33|456|47|e7|667|7||	3.90543609	2.75e-6
783	e112|33|456|47|55|6|77|e|	5.60200799	6.15e-6
784	e112|33|456|47|55|7|e77||	5.21168109	4.52e-6
785	e112|33|456|47|56|e7|77||	5.35606623	5.55e-6
786	e112|33|456|47|56|67|7|e|	4.0865835	1.28e-5
787	e112|33|456|47|57|e6|77||	5.50630849	3.98e-6
788	e112|33|456|47|57|66|7|e|	6.93424513	4.74e-6
789	e112|33|456|47|57|67|e7||	7.52072843	6.02e-6
790	e112|33|456|77|e56|67|7||	3.51286194	4.61e-6
791	e112|33|456|77|e57|66|7||	5.79091403	6.17e-6
792	e112|33|456|77|e77|666|||	-0.5665768565223913605765073437	1.e-25
793	e112|33|456|77|556|6|7|e|	3.87894142	3.67e-6
794	e112|34|e33|4|55|67|777||	-0.8363013707404070604012774227	1.e-25
795	e112|34|e33|4|56|677|77||	7.1728172170687237233968574835	1.e-25
796	e112|34|e33|5|556|7|777||	-0.413708631025608	1.e-13
797	e112|34|e33|5|566|77|77||	3.896962761986278	1.e-13
798	e112|34|e33|5|567|67|77||	4.77978050	3.33e-6
799	e112|34|e33|5|666|777|7||	0.005719421701279	1.e-13
800	e112|34|e33|5|667|677|7||	6.4756631	1.59e-5
801	e112|34|e34|45|5|67|777||	-0.9665331161286	1.e-10
802	e112|34|e34|45|6|677|77||	9.46467602	5.18e-6
803	e112|34|e34|55|56|7|777||	-0.33369050746887	1.e-12
804	e112|34|e34|55|66|77|77||	1.601473663391001	1.e-13
805	e112|34|e34|55|67|67|77||	3.62601503	2.19e-6
806	e112|34|e34|56|56|77|77||	1.41377813	2.36e-6
807	e112|34|e34|56|57|67|77||	4.40995436	2.79e-6
808	e112|34|e35|44|5|67|777||	-1.816032387839333	1.e-13
809	e112|34|e35|44|6|677|77||	18.2628790	2.37e-5
810	e112|34|e35|45|56|7|777||	-0.492507756726693	1.e-13
811	e112|34|e35|45|66|77|77||	4.194571746592242	1.e-13
812	e112|34|e35|45|67|67|77||	4.83496885	3.08e-6
813	e112|34|e35|46|55|7|777||	-0.295132155	4.19e-7
814	e112|34|e35|46|56|77|77||	5.53966015	4.75e-6
815	e112|34|e35|46|57|67|77||	8.22394174	7.71e-6
816	e112|34|e35|46|66|777|7||	-0.312044610	4.25e-7
817	e112|34|e35|46|67|677|7||	8.56310572	6.15e-6
818	e112|34|e35|46|77|667|7||	6.06071017	3.91e-6
819	e112|34|e35|55|567||777||	-1.816032387839333	1.e-13
820	e112|34|e35|55|667|7|77||	18.2628610	2.45e-5
821	e112|34|e35|56|557||777||	-0.295131283	4.11e-7
822	e112|34|e35|56|567|7|77||	8.22392792	7.91e-6
823	e112|34|e35|56|577|6|77||	5.53965371	4.75e-6
824	e112|34|e35|56|667|77|7||	6.06070863	3.79e-6
825	e112|34|e35|56|677|67|7||	8.56310469	6.14e-6
826	e112|34|e35|56|777|66|7||	-0.312044369	4.27e-7
827	e112|34|e35|66|557|7|77||	4.6028905	1.85e-5
828	e112|34|e35|66|567|77|7||	6.2169946	1.54e-5
829	e112|34|e35|66|577|67|7||	6.2169732	1.56e-5
830	e112|34|e35|66|667|777|||	-0.201148945	1.36e-7
831	e112|34|e35|66|677|677|||	4.10959572	2.99e-6
832	e112|34|e35|66|777|667|||	-0.201149137	1.36e-7
833	e112|34|e35|67|555||777||	0.066574835894136	1.e-13
834	e112|34|e35|67|556|7|77||	6.09204563	9.13e-6
835	e112|34|e35|67|566|77|7||	5.2954157	1.25e-5
836	e112|34|e35|67|567|67|7||	4.8499565	3.57e-5
837	e112|34|e35|67|666|777|||	0.01929419908899336219	1.e-18
838	e112|34|e35|67|667|677|||	5.22887278	7.79e-6
839	e112|34|e55|445|6|7|777||	-0.257196158	1.84e-7
840	e112|34|e55|446|7|67|77||	1.766248458	9.37e-7
841	e112|34|e55|456|57||777||	-0.102921296	1.6e-7
842	e112|34|e55|456|67|7|77||	7.30300639	8.07e-6
843	e112|34|e55|456|77|6|77||	2.424452006979020	1.e-13
844	e112|34|e55|466|77|67|7||	1.190172296480067	1.e-13
845	e112|34|e55|467|67|67|7||	1.13295709	1.45e-6
846	e112|34|e55|566|577||77||	0.867143176747708	1.e-13
847	e112|34|e55|566|677|7|7||	2.58286242	9.24e-6
848	e112|34|e55|567|567||77||	1.000711865	6.26e-7
849	e112|34|e55|666|777|67|||	0.002744883250426	1.e-13
850	e112|34|e55|667|677|67|||	1.15227987	1.06e-6
851	e112|34|e56|445|5|7|777||	-0.231058531768264	1.e-13
852	e112|34|e56|445|6|77|77||	2.7066450	1.13e-5
853	e112|34|e56|445|7|67|77||	8.34321413	4.82e-6
854	e112|34|e56|447|7|667|7||	3.12174077	1.66e-6
855	e112|34|e56|455|57||777||	-0.311621716	4.27e-7
856	e112|34|e56|455|67|7|77||	5.86889969	4.5e-6
857	e112|34|e56|455|77|6|77||	4.006113481474600	1.e-13
858	e112|34|e56|456|57|7|77||	6.60915421	6.86e-6
859	e112|34|e56|456|77|67|7||	3.42405242	2.98e-6
860	e112|34|e56|457|57|6|77||	3.42405782	2.97e-6
861	e112|34|e56|457|67|67|7||	4.65427755	4.29e-6
862	e112|34|e56|457|77|66|7||	8.34321209	4.67e-6
863	e112|34|e56|555|677||77||	-0.65705428129868	1.e-12
864	e112|34|e56|556|577||77||	3.80913974	3.24e-6
865	e112|34|e56|556|677|7|7||	5.68561038	4.91e-6
866	e112|34|e56|556|777|6|7||	-0.311621925	4.31e-7
867	e112|34|e56|557|567||77||	5.68561381	6.23e-6
868	e112|34|e56|557|667|7|7||	3.36093867	2.4e-6
869	e112|34|e56|557|677|6|7||	5.86889651	5.09e-6
870	e112|34|e56|567|567|7|7||	2.1116158	1.38e-5
871	e112|34|e56|567|577|6|7||	6.60915174	6.86e-6
872	e112|34|e56|567|777|66|||	-0.231058531768264	1.e-13
873	e112|34|e56|577|677|66|||	2.7066316	1.34e-5
874	e112|34|334|e|55|67|777||	-0.819856382489197	1.e-13
875	e112|34|334|e|56|677|77||	7.031771298707570	1.e-13
876	e112|34|334|5|e5|67|777||	-1.602855141988780	1.e-13
877	e112|34|334|5|e6|677|77||	16.0805060	3.e-5
878	e112|34|334|5|56|e7|777||	-0.362107974	2.75e-7
879	e112|34|334|5|66|777|e7||	-0.211915991	1.47e-7
880	e112|34|334|5|67|e67|77||	4.45765911	7.94e-6
881	e112|34|334|5|67|667|7|e|	7.8410390	1.51e-5
882	e112|34|335|e|556|7|777||	-0.40657176556240	1.e-12
883	e112|34|335|e|566|77|77||	3.84330154840193	1.e-12
884	e112|34|335|e|567|67|77||	4.7112880	1.38e-5
885	e112|34|335|e|666|777|7||	0.005385742079080	1.e-13
886	e112|34|335|e|667|677|7||	6.3876169	1.35e-5
887	e112|34|335|4|e5|67|777||	-1.627134599808073	1.e-13
888	e112|34|335|4|e6|677|77||	16.333843418684150	1.e-13
889	e112|34|335|4|56|e7|777||	-0.365484880066127	1.e-13
890	e112|34|335|4|66|777|e7||	-0.213769820689265	1.e-13
891	e112|34|335|4|67|e67|77||	4.51628956	2.61e-6
892	e112|34|335|4|67|667|7|e|	7.93707247	4.71e-6
893	e112|34|335|5|e56|7|777||	-0.406086217	2.4e-7
894	e112|34|335|5|e67|67|77||	5.30514600	7.48e-6
895	e112|34|335|5|567|e|777||	-1.991694172208583	1.e-13
896	e112|34|335|5|666|77|7|e|	-0.232955952	1.23e-7
897	e112|34|335|5|667|e7|77||	20.1788970	2.63e-5
898	e112|34|335|5|667|67|7|e|	9.1906967	1.38e-5
899	e112|34|335|6|e55|7|777||	-0.227788534	2.43e-7
900	e112|34|335|6|e56|77|77||	4.71085154	3.57e-6
901	e112|34|335|6|e57|67|77||	7.2489362	1.24e-5
902	e112|34|335|6|e66|777|7||	-0.228075021	1.3e-7
903	e112|34|335|6|e67|677|7||	7.2568358	1.17e-5
904	e112|34|335|6|e77|667|7||	6.0520129	1.38e-5
905	e112|34|335|6|556|7|77|e|	2.42673987	1.75e-6
906	e112|34|335|6|557|e|777||	-0.213236546	3.3e-7
907	e112|34|335|6|557|6|77|e|	4.87890202	8.61e-6
908	e112|34|335|6|557|7|e77||	5.4811976	1.99e-5
909	e112|34|335|6|567|e7|77||	6.92919536	4.55e-6
910	e112|34|335|6|567|67|7|e|	8.1810236	2.07e-5
911	e112|34|335|6|567|77|e7||	6.9125464	1.4e-5
912	e112|34|335|6|577|e6|77||	4.58411457	9.28e-6
913	e112|34|335|6|577|66|7|e|	2.61892189	9.59e-6
914	e112|34|335|6|577|67|e7||	7.0069274	2.49e-5
915	e112|34|335|6|667|e77|7||	5.52079271	3.25e-6
916	e112|34|335|6|667|677||e|	2.45328824	4.38e-6
917	e112|34|335|6|667|777|e||	-0.212322185	1.33e-7
918	e112|34|335|6|677|e67|7||	7.03143940	4.54e-6
919	e112|34|335|6|677|667||e|	2.62003310	1.75e-6
920	e112|34|335|6|677|677|e||	4.57482784	3.62e-6
921	e112|34|335|6|777|e66|7||	-0.1067977697	9.5e-8
922	e112|34|335|6|777|667|e||	-0.106197238	1.13e-7
923	e112|34|345|e4|5|67|777||	-1.90031178560000	1.e-12
924	e112|34|345|e4|6|677|77||	18.6532280	1.33e-5
925	e112|34|345|e5|56|7|777||	-0.46788006	2.09e-6
926	e112|34|345|e5|66|77|77||	4.00455449	2.49e-6
927	e112|34|345|e5|67|67|77||	4.61315947	8.46e-6
928	e112|34|345|e6|55|7|777||	-0.294640714	2.31e-7
929	e112|34|345|e6|56|77|77||	5.25475119	7.23e-6
930	e112|34|345|e6|57|67|77||	8.0988518	2.17e-5
931	e112|34|345|e6|66|777|7||	-0.281274114	2.22e-7
932	e112|34|345|e6|67|677|7||	7.8351346	2.91e-5
933	e112|34|345|e6|77|667|7||	5.7697474	1.94e-5
934	e112|34|345|45|6|e7|777||	-0.363395753	3.68e-7
935	e112|34|345|46|6|777|e7||	-0.182038112	1.87e-7
936	e112|34|345|46|7|e67|77||	4.10697444	9.71e-6
937	e112|34|345|46|7|667|7|e|	8.1883437	2.4e-5
938	e112|34|345|56|56|7|77|e|	1.65454754	7.81e-6
939	e112|34|345|56|57|e|777||	-0.178667640	4.92e-7
940	e112|34|345|56|57|6|77|e|	6.7953098	2.41e-5
941	e112|34|345|56|66|77|7|e|	5.1023119	1.08e-5
942	e112|34|345|56|67|e7|77||	6.9376101	2.44e-5
943	e112|34|345|56|67|67|7|e|	7.9967383	2.77e-5
944	e112|34|345|56|67|77|e7||	5.8819524	1.92e-5
945	e112|34|345|56|77|e6|77||	4.80882989	3.66e-6
946	e112|34|345|56|77|66|7|e|	6.5485945	1.34e-5
947	e112|34|345|56|77|67|e7||	6.2009447	1.47e-5
948	e112|34|345|66|67|e77|7||	5.08133711	3.82e-6
949	e112|34|345|66|67|677||e|	2.49993676	8.11e-6
950	e112|34|345|66|67|777|e||	-0.174986945	1.19e-7
951	e112|34|345|66|77|e67|7||	2.30693466	2.03e-6
952	e112|34|345|66|77|667||e|	4.32077347	3.64e-6
953	e112|34|345|67|67|e67|7||	1.9255126	1.93e-5
954	e112|34|345|67|67|667||e|	2.7936095	1.22e-5
955	e112|34|355|e4|56|7|777||	-0.32717833852725	1.e-12
956	e112|34|355|e4|66|77|77||	3.225989132390525	1.e-13
957	e112|34|355|e4|67|67|77||	3.63752435	2.85e-6
958	e112|34|355|e5|567||777||	-1.789772403687184	1.e-13
959	e112|34|355|e5|667|7|77||	18.0338630	2.47e-5
960	e112|34|355|e6|557||777||	-0.194344568	1.46e-7
961	e112|34|355|e6|567|7|77||	6.04709520	5.27e-6
962	e112|34|355|e6|577|6|77||	4.0025228	2.47e-5
963	e112|34|355|e6|667|77|7||	4.56002749	3.82e-6
964	e112|34|355|e6|677|67|7||	6.09209394	5.44e-6
965	e112|34|355|e6|777|66|7||	-0.195805125	1.42e-7
966	e112|34|355|44|6|e7|777||	-0.233547461	1.3e-7
967	e112|34|355|45|e6|7|777||	-0.300224698	1.84e-7
968	e112|34|355|46|e5|7|777||	-0.286273161	6.76e-7
969	e112|34|355|46|e6|77|77||	4.16987834	2.31e-6
970	e112|34|355|46|e7|67|77||	5.9616497	1.32e-5
971	e112|34|355|46|56|7|77|e|	2.61647334	8.53e-6
972	e112|34|355|46|57|e|777||	-0.375376913	4.37e-7
973	e112|34|355|46|57|7|e77||	5.16741334	6.65e-6
974	e112|34|355|46|67|e7|77||	6.9773894	1.38e-5
975	e112|34|355|46|67|67|7|e|	6.4420119	1.48e-5
976	e112|34|355|46|67|77|e7||	4.99018502	6.57e-6
977	e112|34|355|46|77|e6|77||	4.58402898	2.51e-6
978	e112|34|355|46|77|66|7|e|	2.22923673	1.88e-6
979	e112|34|355|46|77|67|e7||	4.74019979	7.49e-6
980	e112|34|355|56|e57||777||	-0.298282233	2.37e-7
981	e112|34|355|56|e67|7|77||	7.6255292	1.43e-5
982	e112|34|355|56|667|7|7|e|	7.3811476	1.48e-5
983	e112|34|355|56|677|7|e7||	7.2822577	1.57e-5
984	e112|34|355|56|777|6|e7||	-0.301134716	1.72e-7
985	e112|34|355|66|e57|7|77||	3.84219379	2.65e-6
986	e112|34|355|66|e67|77|7||	3.88981547	2.51e-6
987	e112|34|355|66|e77|67|7||	4.44275499	2.86e-6
988	e112|34|355|66|567|7|7|e|	4.7232950	1.3e-5
989	e112|34|355|66|577|e|77||	3.32986411	2.38e-6
990	e112|34|355|66|577|6|7|e|	2.10585978	6.65e-6
991	e112|34|355|66|577|7|e7||	4.7493374	1.02e-5
992	e112|34|355|66|677|e7|7||	4.9375486	1.32e-5
993	e112|34|355|66|677|67||e|	2.11789628	5.42e-6
994	e112|34|355|66|677|77|e||	1.62563854	1.28e-6
995	e112|34|355|67|e56|7|77||	5.6247160	1.96e-5
996	e112|34|355|67|e67|67|7||	3.27136400	7.45e-6
997	e112|34|355|67|566|7|7|e|	4.6073741	1.75e-5
998	e112|34|355|67|567|e|77||	3.81509816	7.46e-6
999	e112|34|355|67|567|6|7|e|	6.0826326	2.25e-5
1000	e112|34|355|67|667|e7|7||	6.8272599	2.22e-5
1001	e112|34|355|67|667|67||e|	4.5135614	1.03e-5
1002	e112|34|356|e4|55|7|777||	-0.32717833852725	1.e-12
1003	e112|34|356|e4|56|77|77||	2.81679323	2.29e-6
1004	e112|34|356|e4|57|67|77||	8.78714428	7.21e-6
1005	e112|34|356|e4|77|667|7||	3.63753120	2.86e-6
1006	e112|34|356|e5|557||777||	-0.282506412	2.99e-7
1007	e112|34|356|e5|567|7|77||	7.9687218	3.83e-5
1008	e112|34|356|e5|577|6|77||	5.37812871	6.57e-6
1009	e112|34|356|e5|667|77|7||	5.8436852	1.72e-5
1010	e112|34|356|e5|677|67|7||	8.2995101	2.42e-5
1011	e112|34|356|e5|777|66|7||	-0.298138470	3.02e-7
1012	e112|34|356|e7|555||777||	0.017428928587241	1.e-13
1013	e112|34|356|e7|556|7|77||	5.0296636	1.85e-5
1014	e112|34|356|e7|557|6|77||	5.10287044	5.79e-6
1015	e112|34|356|e7|567|67|7||	4.6870357	2.24e-5
1016	e112|34|356|e7|577|66|7||	5.9952030	1.55e-5
1017	e112|34|356|e7|777|666|||	0.08139113834709958273	1.e-18
1018	e112|34|356|44|5|e7|777||	-0.400628470	2.25e-7
1019	e112|34|356|44|7|e67|77||	8.7671264	1.34e-5
1020	e112|34|356|44|7|667|7|e|	5.00208503	7.32e-6
1021	e112|34|356|45|e5|7|777||	-0.478926808	3.23e-7
1022	e112|34|356|45|e6|77|77||	5.38307857	4.46e-6
1023	e112|34|356|45|e7|67|77||	8.3091927	2.37e-5
1024	e112|34|356|45|57|e|777||	-0.360459999	4.21e-7
1025	e112|34|356|45|57|6|77|e|	3.49278977	8.34e-6
1026	e112|34|356|45|57|7|e77||	3.50198742	2.74e-6
1027	e112|34|356|45|67|e7|77||	7.0605040	2.85e-5
1028	e112|34|356|45|67|67|7|e|	8.1586090	1.95e-5
1029	e112|34|356|45|67|77|e7||	6.02302774	5.48e-6
1030	e112|34|356|45|77|e6|77||	4.90258133	3.52e-6
1031	e112|34|356|45|77|66|7|e|	6.71416163	4.57e-6
1032	e112|34|356|45|77|67|e7||	6.36693172	4.74e-6
1033	e112|34|356|47|e5|67|77||	8.0299383	2.27e-5
1034	e112|34|356|47|e7|667|7||	4.7902282	1.33e-5
1035	e112|34|356|47|55|e|777||	-0.1766871197463	1.e-10
1036	e112|34|356|47|55|6|77|e|	2.56617544	4.02e-6
1037	e112|34|356|47|56|e7|77||	5.7198387	2.14e-5
1038	e112|34|356|47|56|67|7|e|	3.9054857	1.56e-5
1039	e112|34|356|47|57|e6|77||	6.0608221	3.14e-5
1040	e112|34|356|47|57|66|7|e|	7.1508093	2.23e-5
1041	e112|34|356|47|57|67|e7||	8.2598095	1.59e-5
1042	e112|34|356|55|e57||777||	-0.294537424	2.37e-7
1043	e112|34|356|55|e67|7|77||	7.5629258	1.99e-5
1044	e112|34|356|55|667|7|7|e|	7.2753078	1.41e-5
1045	e112|34|356|55|677|7|e7||	7.2412177	1.59e-5
1046	e112|34|356|55|777|6|e7||	-0.296843362	1.78e-7
1047	e112|34|356|56|e57|7|77||	6.4008496	1.45e-5
1048	e112|34|356|56|e77|67|7||	4.12638308	9.46e-6
1049	e112|34|356|56|557||77|e|	5.1197053	1.22e-5
1050	e112|34|356|56|567|7|7|e|	3.8753909	2.19e-5
1051	e112|34|356|56|577|e|77||	4.69451335	5.18e-6
1052	e112|34|356|56|577|6|7|e|	3.8185503	1.32e-5
1053	e112|34|356|56|577|7|e7||	7.0667669	1.4e-5
1054	e112|34|356|56|777|e6|7||	-0.36980745	1.2e-6
1055	e112|34|356|57|e56|7|77||	6.2057785	2.04e-5
1056	e112|34|356|57|e57|6|77||	6.2153834	2.06e-5
1057	e112|34|356|57|e66|77|7||	6.7358176	1.98e-5
1058	e112|34|356|57|e67|67|7||	8.7319628	2.63e-5
1059	e112|34|356|57|556||77|e|	2.49117925	9.49e-6
1060	e112|34|356|57|557||e77||	2.50108254	2.51e-6
1061	e112|34|356|57|566|7|7|e|	5.8731527	2.31e-5
1062	e112|34|356|57|567|e|77||	6.7266863	2.77e-5
1063	e112|34|356|57|567|6|7|e|	7.7326807	2.97e-5
1064	e112|34|356|57|567|7|e7||	7.7664158	2.81e-5
1065	e112|34|356|57|577|6|e7||	5.9555201	2.3e-5
1066	e112|34|356|57|667|e7|7||	7.0646545	2.76e-5
1067	e112|34|356|57|667|67||e|	6.0510682	1.63e-5
1068	e112|34|356|57|667|77|e||	6.42753527	6.9e-6
1069	e112|34|356|57|677|e6|7||	7.1133689	2.39e-5
1070	e112|34|356|57|677|66||e|	6.4935830	1.43e-5
1071	e112|34|356|57|677|67|e||	6.1254383	3.17e-5
1072	e112|34|356|77|e55|6|77||	4.49645870	2.57e-6
1073	e112|34|356|77|e56|67|7||	3.2323538	1.07e-5
1074	e112|34|356|77|e57|66|7||	5.6539585	1.63e-5
1075	e112|34|356|77|556|e|77||	2.12234636	6.86e-6
1076	e112|34|356|77|556|7|e7||	4.4453999	1.17e-5
1077	e112|34|356|77|557|6|e7||	4.5738570	1.65e-5
1078	e112|34|356|77|567|e6|7||	6.0903060	3.45e-5
1079	e112|34|356|77|567|66||e|	1.85072303	3.81e-6
1080	e112|34|555|e45|67||777||	0.0663765287504918475614908498	1.e-25
1081	e112|34|555|e46|57||777||	0.017673209704918	1.e-13
1082	e112|34|555|e46|67|7|77||	-0.302733963	1.86e-7
1083	e112|34|555|e46|77|6|77||	-0.195752723247866	1.e-13
1084	e112|34|555|e56|677||77||	-0.653592176427120	1.e-13
1085	e112|34|555|e66|777|6|7||	0.010413816977236	1.e-13
1086	e112|34|555|e67|567||77||	-0.196579676	1.27e-7
1087	e112|34|555|e67|667|7|7||	-0.297242749	2.49e-7
1088	e112|34|555|446|6|7|77|e|	-0.065226760620532	1.e-13
1089	e112|34|555|466|67|7|7|e|	-0.312326195576117	1.e-13
1090	e112|34|555|467|67|6|7|e|	-0.186441788	2.31e-7
1091	e112|34|555|566|777||e7||	0.005257001907023	1.e-13
1092	e112|34|555|567|667||7|e|	-0.354521754	2.23e-7
1093	e112|34|555|666|677|7||e|	0.00569072549183140449	1.e-18
1094	e112|34|555|667|667|7||e|	-0.100104693831931	1.e-13
1095	e112|34|556|e45|57||777||	-0.288091762	2.14e-7
1096	e112|34|556|e45|67|7|77||	6.1033090	1.55e-5
1097	e112|34|556|e45|77|6|77||	4.63433003	3.44e-6
1098	e112|34|556|e46|57|7|77||	5.27693865	4.53e-6
1099	e112|34|556|e46|67|77|7||	5.62078089	4.59e-6
1100	e112|34|556|e46|77|67|7||	6.27660173	4.85e-6
1101	e112|34|556|e47|55||777||	-0.195272271336663	1.e-13
1102	e112|34|556|e47|56|7|77||	5.2085651	1.32e-5
1103	e112|34|556|e47|57|6|77||	6.1028833	1.33e-5
1104	e112|34|556|e47|66|77|7||	4.12213011	4.41e-6
1105	e112|34|556|e47|67|67|7||	8.6959495	1.96e-5
1106	e112|34|556|e47|77|66|7||	20.406522984796660	1.e-13
1107	e112|34|556|e56|577||77||	3.70105818	3.31e-6
1108	e112|34|556|e56|677|7|7||	5.5505366	1.48e-5
1109	e112|34|556|e56|777|6|7||	-0.302013218	3.07e-7
1110	e112|34|556|e57|567||77||	5.5145981	1.81e-5
1111	e112|34|556|e57|667|7|7||	5.7041195	2.26e-5
1112	e112|34|556|e57|677|6|7||	6.6447434	1.21e-5
1113	e112|34|556|e66|577|7|7||	4.8876025	1.22e-5
1114	e112|34|556|e66|777|67|||	-0.234323160	2.46e-7
1115	e112|34|556|e67|557||77||	5.00757887	3.73e-6
1116	e112|34|556|e67|567|7|7||	6.3909872	2.61e-5
1117	e112|34|556|e67|577|6|7||	5.7764747	1.55e-5
1118	e112|34|556|e67|667|77|||	3.74744942	3.3e-6
1119	e112|34|556|e67|677|67|||	5.6283072	1.5e-5
1120	e112|34|556|e67|777|66|||	-0.81245229751740663591	1.e-18
1121	e112|34|556|e77|566|7|7||	4.3337218	1.61e-5
1122	e112|34|556|445|7|6|77|e|	3.1066277	3.72e-5
1123	e112|34|556|446|7|67|7|e|	7.9790267	3.33e-5
1124	e112|34|556|446|7|77|e7||	5.20702585	3.25e-6
1125	e112|34|556|447|7|66|7|e|	12.264902063544850	1.e-13
1126	e112|34|556|447|7|67|e7||	5.36068735	2.94e-6
1127	e112|34|556|456|67|7|7|e|	6.1069290	2.09e-5
1128	e112|34|556|456|77|7|e7||	4.58822351	3.61e-6
1129	e112|34|556|457|57||e77||	1.32456389	1.04e-6
1130	e112|34|556|457|66|7|7|e|	4.67188885	6.51e-6
1131	e112|34|556|457|67|e|77||	6.8357822	1.75e-5
1132	e112|34|556|457|67|6|7|e|	7.3469567	2.43e-5
1133	e112|34|556|457|67|7|e7||	6.30639668	5.49e-6
1134	e112|34|556|457|77|6|e7||	7.91214367	4.87e-6
1135	e112|34|556|466|77|67||e|	2.43124914	1.59e-6
1136	e112|34|556|466|77|77|e||	1.648738856922958	1.e-13
1137	e112|34|556|467|67|67||e|	3.7020125	1.08e-5
1138	e112|34|556|467|67|77|e||	2.45781442	2.13e-6
1139	e112|34|556|467|77|67|e||	7.85481207	4.77e-6
1140	e112|34|556|556|777||e7||	-0.194694680	2.08e-7
1141	e112|34|556|557|667||7|e|	4.84371296	3.57e-6
1142	e112|34|556|557|677||e7||	4.87782065	3.35e-6
1143	e112|34|556|566|577||7|e|	2.07151443	1.6e-6
1144	e112|34|556|566|677|7||e|	2.08244901	5.02e-6
1145	e112|34|556|567|567||7|e|	2.9111348	1.3e-5
1146	e112|34|556|567|577||e7||	4.55729047	3.65e-6
1147	e112|34|556|567|667|7||e|	4.5436548	2.03e-5
1148	e112|34|556|567|677|7|e||	4.52203928	4.72e-6
1149	e112|34|556|567|777|6|e||	-0.409344470979437	1.e-13
1150	e112|34|556|577|667|7|e||	2.36766810	2.14e-6
1151	e112|34|556|577|677|6|e||	5.1595253	2.78e-5
1152	e112|34|567|e45|55||777||	-2.013587510338558	1.e-13
1153	e112|34|567|e45|56|7|77||	8.2831514	2.39e-5
1154	e112|34|567|e45|66|77|7||	6.18519475	5.e-6
1155	e112|34|567|e45|67|67|7||	4.8125216	1.74e-5
1156	e112|34|567|e56|557||77||	5.5364023	1.45e-5
1157	e112|34|567|e56|567|7|7||	4.0606878	1.55e-5
1158	e112|34|567|e56|577|6|7||	6.3232558	2.07e-5
1159	e112|34|567|e56|777|66|||	-0.196943548	1.62e-7
1160	e112|34|567|445|5|e|777||	-1.204231919357014	1.e-13
1161	e112|34|567|445|6|e7|77||	7.8296856	2.28e-5
1162	e112|34|567|445|6|67|7|e|	4.6152822	1.38e-5
1163	e112|34|567|455|66|7|7|e|	2.38003238	1.95e-6
1164	e112|34|567|455|67|e|77||	1.87584746	1.32e-6
1165	e112|34|567|455|67|6|7|e|	6.17879542	5.47e-6
1166	e112|34|567|456|56|7|7|e|	2.0179994	1.2e-5
1167	e112|34|567|456|57|e|77||	3.47983286	9.53e-6
1168	e112|34|567|456|57|6|7|e|	7.9899311	1.62e-5
1169	e112|34|567|555|667||7|e|	-0.354233609	3.06e-7
1170	e112|34|567|556|567||7|e|	5.8290399	2.19e-5
1171	e112|34|567|556|577||e7||	4.5046586	1.54e-5
1172	e112|34|567|556|677|7|e||	2.22153839	2.75e-6
1173	e112|34|567|567|567|e|7||	1.8196525	2.14e-5
1174	e123|e23|34|4|55|67|777||	-0.68757965543412723381	1.e-18
1175	e123|e23|34|4|56|677|77||	5.89725589740181647991	1.e-18
1176	e123|e23|34|5|556|7|777||	-0.336025018808564	1.e-13
1177	e123|e23|34|5|566|77|77||	3.096082421093165	1.e-13
1178	e123|e23|34|5|567|67|77||	3.8123569	1.13e-5
1179	e123|e23|34|5|666|777|7||	0.005812162905402	1.e-13
1180	e123|e23|34|5|667|677|7||	5.1393213	2.58e-5
1181	e123|e23|44|45|5|67|777||	-0.91178885266185114723	1.e-18
1182	e123|e23|44|45|6|677|77||	8.993379530935512	1.e-13
1183	e123|e23|44|55|56|7|777||	-0.07774438012206486630	1.e-18
1184	e123|e23|44|55|66|77|77||	0.81289400877590817721	1.e-18
1185	e123|e23|44|55|67|67|77||	0.908126893616698	1.e-13
1186	e123|e23|44|56|55|7|777||	-0.15548876024412973261	1.e-18
1187	e123|e23|44|56|56|77|77||	1.38477341020192	1.e-12
1188	e123|e23|44|56|57|67|77||	4.320056499242970	1.e-13
1189	e123|e23|44|56|77|667|7||	1.816253787233396	1.e-13
1190	e123|e23|45|45|56|7|777||	-0.080290364	7.91e-7
1191	e123|e23|45|45|66|77|77||	0.62179724912449	1.e-12
1192	e123|e23|45|45|67|67|77||	0.72715280	2.96e-6
1193	e123|e23|45|46|55|7|777||	-0.20453595	1.05e-6
1194	e123|e23|45|46|56|77|77||	1.737234310162419	1.e-13
1195	e123|e23|45|46|57|67|77||	5.2538401	2.33e-5
1196	e123|e23|45|46|77|667|7||	1.8401444	4.18e-5
1197	e123|e23|45|67|555||777||	(128*Log[4/3]^2)/81	0
1198	e123|e23|45|67|556|7|77||	1.16145891	3.47e-6
1199	e123|e23|45|67|566|77|7||	0.84131667159356	1.e-12
1200	e123|e23|45|67|567|67|7||	0.81226052	3.74e-6
1201	e123|e23|45|67|666|777|||	0.00273596109141	1.e-12
1202	e123|e23|45|67|667|677|||	0.8170469	3.19e-5
1203	e123|e24|33|4|55|67|777||	-2.409883016373764	1.e-13
1204	e123|e24|33|4|56|677|77||	20.669164245974690	1.e-13
1205	e123|e24|33|5|556|7|777||	-1.195639930308624	1.e-13
1206	e123|e24|33|5|566|77|77||	11.311200676388610	1.e-13
1207	e123|e24|33|5|567|67|77||	13.8639140	3.23e-5
1208	e123|e24|33|5|666|777|7||	0.015686010397673	1.e-13
1209	e123|e24|33|5|667|677|7||	18.8000330	3.04e-5
1210	e123|e24|34|45|5|67|777||	-1.221813229201559	1.e-13
1211	e123|e24|34|45|6|677|77||	11.96850670	6.85e-6
1212	e123|e24|34|55|56|7|777||	-0.422196369966958	1.e-13
1213	e123|e24|34|55|66|77|77||	2.030327983228805	1.e-13
1214	e123|e24|34|55|67|67|77||	4.59684247	2.81e-6
1215	e123|e24|34|56|56|77|77||	1.79166719	1.17e-6
1216	e123|e24|34|56|57|67|77||	5.58900279	3.56e-6
1217	e123|e24|35|44|5|67|777||	-1.76381894793514	1.e-12
1218	e123|e24|35|44|6|677|77||	17.4989320	3.19e-5
1219	e123|e24|35|45|56|7|777||	-0.59920605	3.83e-6
1220	e123|e24|35|45|66|77|77||	4.97948740	7.47e-6
1221	e123|e24|35|45|67|67|77||	5.76369815	9.72e-6
1222	e123|e24|35|46|55|7|777||	-0.360349203	9.33e-7
1223	e123|e24|35|46|56|77|77||	6.43236267	5.01e-6
1224	e123|e24|35|46|57|67|77||	9.6738268	3.73e-5
1225	e123|e24|35|46|66|777|7||	-0.37865332	1.31e-6
1226	e123|e24|35|46|67|677|7||	9.8930041	1.93e-5
1227	e123|e24|35|46|77|667|7||	7.0974585	2.09e-5
1228	e123|e24|35|55|567||777||	-2.399896668506614	1.e-13
1229	e123|e24|35|55|667|7|77||	24.1786350	3.68e-5
1230	e123|e24|35|56|557||777||	-0.363739353	2.99e-7
1231	e123|e24|35|56|567|7|77||	10.1245240	2.93e-5
1232	e123|e24|35|56|577|6|77||	6.85330559	4.79e-6
1233	e123|e24|35|56|667|77|7||	7.3464351	1.91e-5
1234	e123|e24|35|56|677|67|7||	10.5767420	2.84e-5
1235	e123|e24|35|56|777|66|7||	-0.386265099	2.98e-7
1236	e123|e24|35|66|557|7|77||	5.68319854	3.58e-6
1237	e123|e24|35|66|567|77|7||	7.46986444	5.26e-6
1238	e123|e24|35|66|577|67|7||	7.63346090	5.24e-6
1239	e123|e24|35|66|667|777|||	-0.251283133	2.19e-7
1240	e123|e24|35|66|677|677|||	4.9657078	1.28e-5
1241	e123|e24|35|66|777|667|||	-0.254174151	2.34e-7
1242	e123|e24|35|67|555||777||	0.11508698008792295057	1.e-18
1243	e123|e24|35|67|556|7|77||	7.5007238	1.32e-5
1244	e123|e24|35|67|566|77|7||	6.35575620	5.64e-6
1245	e123|e24|35|67|567|67|7||	5.8870938	2.63e-5
1246	e123|e24|35|67|666|777|||	0.0234096992	1.75e-8
1247	e123|e24|35|67|667|677|||	6.2611820	1.96e-5
1248	e123|e24|55|444||67|777||	0.0511403512114306345445855605	1.e-25
1249	e123|e24|55|445|6|7|777||	-0.259077244	3.62e-7
1250	e123|e24|55|446|6|77|77||	2.25654362	1.72e-6
1251	e123|e24|55|446|7|67|77||	2.92836892	9.18e-6
1252	e123|e24|55|455|67||777||	-1.561073073984872	1.e-13
1253	e123|e24|55|456|57||777||	-0.214292180	1.68e-7
1254	e123|e24|55|456|67|7|77||	7.4425497	2.11e-5
1255	e123|e24|55|456|77|6|77||	5.00664413	4.86e-6
1256	e123|e24|55|466|67|77|7||	5.87856560	5.02e-6
1257	e123|e24|55|466|77|67|7||	2.41910030	2.7e-6
1258	e123|e24|55|467|67|67|7||	2.2206788	1.15e-5
1259	e123|e24|55|556|677||77||	15.735414677205080	1.e-13
1260	e123|e24|55|566|577||77||	1.87657980	2.44e-6
1261	e123|e24|55|566|677|7|7||	5.4674144	1.72e-5
1262	e123|e24|55|566|777|6|7||	-0.270245064	1.93e-7
1263	e123|e24|55|567|567||77||	2.15461904	6.55e-6
1264	e123|e24|55|567|667|7|7||	7.6999627	2.24e-5
1265	e123|e24|55|666|677|77|||	-0.182957738228716	1.e-13
1266	e123|e24|55|666|777|67|||	0.007227699737004	1.e-13
1267	e123|e24|55|667|667|77|||	1.93478394	2.48e-6
1268	e123|e24|55|667|677|67|||	2.37905064	7.24e-6
1269	e123|e24|56|444||677|77||	-0.4386222532811730355472368523	1.e-25
1270	e123|e24|56|445|5|7|777||	-0.22626080	1.69e-6
1271	e123|e24|56|445|6|77|77||	2.41383577	2.67e-6
1272	e123|e24|56|445|7|67|77||	7.4269552	2.4e-5
1273	e123|e24|56|447|7|667|7||	2.54025020	7.03e-6
1274	e123|e24|56|455|57||777||	-0.37504123	1.52e-6
1275	e123|e24|56|455|67|7|77||	6.6627347	1.3e-5
1276	e123|e24|56|455|77|6|77||	4.55976775	5.12e-6
1277	e123|e24|56|456|57|7|77||	7.2586568	2.15e-5
1278	e123|e24|56|456|77|67|7||	3.8209266	2.06e-5
1279	e123|e24|56|457|57|6|77||	3.7071930	1.44e-5
1280	e123|e24|56|457|67|67|7||	5.1014544	1.09e-5
1281	e123|e24|56|457|77|66|7||	8.0402915	2.36e-5
1282	e123|e24|56|477|77|666|||	-2.63032688257769389571	1.e-18
1283	e123|e24|56|555|677||77||	-1.136331064080783	1.e-13
1284	e123|e24|56|556|577||77||	4.46794244	4.28e-6
1285	e123|e24|56|556|677|7|7||	6.7656026	2.39e-5
1286	e123|e24|56|556|777|6|7||	-0.383396352	3.07e-7
1287	e123|e24|56|557|567||77||	6.6147686	1.33e-5
1288	e123|e24|56|557|667|7|7||	4.0304588	1.1e-5
1289	e123|e24|56|557|677|6|7||	6.8908091	2.7e-5
1290	e123|e24|56|567|567|7|7||	2.4509304	2.82e-5
1291	e123|e24|56|567|577|6|7||	7.5807369	1.7e-5
1292	e123|e24|56|567|777|66|||	-0.214051762	1.72e-7
1293	e123|e24|56|577|677|66|||	2.68560017	2.41e-6
1294	e123|e45|334|4|5|67|777||	-1.424896343223393	1.e-13
1295	e123|e45|334|4|6|677|77||	14.22938440	7.19e-6
1296	e123|e45|334|5|56|7|777||	-0.26884242	1.2e-6
1297	e123|e45|334|5|66|77|77||	2.34820924	2.01e-6
1298	e123|e45|334|5|67|67|77||	2.69709757	6.38e-6
1299	e123|e45|334|6|55|7|777||	-0.168440549	1.19e-7
1300	e123|e45|334|6|56|77|77||	6.44657181	3.82e-6
1301	e123|e45|334|6|57|67|77||	9.7835750	2.4e-5
1302	e123|e45|334|6|66|777|7||	-0.328257115	2.45e-7
1303	e123|e45|334|6|67|677|7||	9.6524793	2.56e-5
1304	e123|e45|334|6|77|667|7||	6.9467149	1.86e-5
1305	e123|e45|336|6|557|7|77||	1.560872198	8.29e-7
1306	e123|e45|336|6|567|77|7||	7.07405220	3.95e-6
1307	e123|e45|336|6|667|777|||	-0.231058531768264	1.e-13
1308	e123|e45|336|6|677|677|||	2.26949532	1.27e-6
1309	e123|e45|336|7|556|7|77||	2.1909191	1.78e-5
1310	e123|e45|336|7|566|77|7||	3.15669452	2.01e-6
1311	e123|e45|336|7|567|67|7||	2.9525113	1.04e-5
1312	e123|e45|336|7|666|777|||	0.00746735429	7.11e-9
1313	e123|e45|336|7|667|677|||	3.0739831	2.23e-5
1314	e123|e45|344|45||67|777||	-2.30748869838927	1.e-12
1315	e123|e45|344|46||677|77||	23.2063610	2.76e-5
1316	e123|e45|344|55|6|7|777||	-0.121022866	1.95e-7
1317	e123|e45|344|56|5|7|777||	-0.20119370397808	1.e-12
1318	e123|e45|344|56|6|77|77||	4.7128961	3.11e-5
1319	e123|e45|344|56|7|67|77||	7.08639663	5.59e-6
1320	e123|e45|344|66|5|77|77||	1.858733570364582	1.e-13
1321	e123|e45|344|66|6|777|7||	-0.244495214	3.24e-7
1322	e123|e45|344|66|7|677|7||	5.29134708	3.73e-6
1323	e123|e45|344|67|5|67|77||	2.11858920	1.49e-6
1324	e123|e45|344|67|6|677|7||	7.22072260	5.66e-6
1325	e123|e45|345|45|6|7|777||	-0.111807664	4.e-7
1326	e123|e45|345|46|5|7|777||	-0.22581554	1.02e-6
1327	e123|e45|345|46|6|77|77||	5.62438973	4.68e-6
1328	e123|e45|345|46|7|67|77||	8.0988220	2.86e-5
1329	e123|e45|345|66|57|7|77||	2.96679119	2.4e-6
1330	e123|e45|345|66|67|77|7||	5.40764286	4.5e-6
1331	e123|e45|345|67|56|7|77||	4.2128121	2.49e-5
1332	e123|e45|345|67|66|77|7||	2.64752035	2.63e-6
1333	e123|e45|345|67|67|67|7||	2.2048072	1.1e-5
1334	e123|e45|346|46|6|777|7||	-0.234300958	7.82e-7
1335	e123|e45|346|46|7|677|7||	4.3382172	1.29e-5
1336	e123|e45|346|47|6|677|7||	8.4376266	3.35e-5
1337	e123|e45|346|56|57|7|77||	1.80123536	4.33e-6
1338	e123|e45|346|56|67|77|7||	7.3016298	2.29e-5
1339	e123|e45|346|57|56|7|77||	1.75771278	1.88e-6
1340	e123|e45|346|57|57|6|77||	1.6817383	2.68e-5
1341	e123|e45|346|57|66|77|7||	3.8474774	1.95e-5
1342	e123|e45|346|57|67|67|7||	4.5487968	2.92e-5
1343	e123|e45|346|57|77|66|7||	2.60616495	9.41e-6
1344	e123|e45|346|66|57|77|7||	5.09017239	3.2e-6
1345	e123|e45|346|66|67|777|||	-0.543431661270449	1.e-13
1346	e123|e45|346|66|77|677|||	6.6326693	1.52e-5
1347	e123|e45|346|67|56|77|7||	7.54329262	6.91e-6
1348	e123|e45|346|67|57|67|7||	4.9161596	2.63e-5
1349	e123|e45|346|67|66|777|||	-0.383273271	4.48e-7
1350	e123|e45|346|67|67|677|||	7.0825274	1.97e-5
1351	e123|e45|346|67|77|667|||	5.4055658	3.53e-5
1352	e123|e45|346|77|57|66|7||	2.74912039	2.26e-6
1353	e123|e45|346|77|66|677|||	5.23207908	4.61e-6
1354	e123|e45|346|77|67|667|||	5.38956631	5.05e-6
1355	e123|e45|346|77|77|666|||	-0.252283932	2.5e-7
1356	e123|e45|366|67|567|77|||	5.07543577	3.11e-6
1357	e123|e45|366|77|566|77|||	0.904044570424858	1.e-13
1358	e123|e45|366|77|567|67|||	1.44302572	1.33e-6
1359	e123|e45|367|67|567|67|||	0.62621451	2.89e-6
1360	e123|e45|444|556||7|777||	0.02494989419902339088	1.e-18
1361	e123|e45|444|566||77|77||	-0.229284648963455	1.e-13
1362	e123|e45|444|567||67|77||	-0.282452619	1.99e-7
1363	e123|e45|444|666||777|7||	-0.00044177587520767479	1.e-18
1364	e123|e45|444|667||677|7||	-0.380549321	7.78e-7
1365	e123|e45|445|456||7|777||	-0.19414091	1.04e-6
1366	e123|e45|445|466||77|77||	1.75550917	1.44e-6
1367	e123|e45|445|467||67|77||	2.00762003	3.84e-6
1368	e123|e45|445|556|7||777||	-0.1180344012	1.e-7
1369	e123|e45|445|566|7|7|77||	4.58375746	4.43e-6
1370	e123|e45|445|567|6|7|77||	6.8773993	2.02e-5
1371	e123|e45|445|666|7|77|7||	-0.238434529	2.32e-7
1372	e123|e45|445|667|6|77|7||	5.0717263	1.61e-5
1373	e123|e45|445|667|7|67|7||	7.0081567	2.09e-5
1374	e123|e45|446|556|7|7|77||	1.21490906	1.83e-6
1375	e123|e45|446|557|6|7|77||	1.5883014	1.6e-5
1376	e123|e45|446|557|7|6|77||	1.2126007	1.25e-5
1377	e123|e45|446|566|7|77|7||	2.25735482	7.97e-6
1378	e123|e45|446|567|6|77|7||	8.4168022	2.43e-5
1379	e123|e45|446|567|7|67|7||	3.9757299	1.46e-5
1380	e123|e45|446|577|7|66|7||	2.20352969	8.78e-6
1381	e123|e45|446|666|7|777|||	0.00964709954449668110	1.e-18
1382	e123|e45|446|667|6|777|||	-0.269092914	2.71e-7
1383	e123|e45|446|667|7|677|||	2.2382565	9.61e-5
1384	e123|e45|446|677|6|677|||	2.77350981	2.54e-6
1385	e123|e45|446|677|7|667|||	2.18976689	3.07e-6
1386	e123|e45|446|777|7|666|||	0.00719256743	5.29e-9
1387	e123|e45|456|456|7|7|77||	0.76932093	4.81e-6
1388	e123|e45|456|457|6|7|77||	1.60577045	6.76e-6
1389	e123|e45|456|466|7|77|7||	2.5830461	1.16e-5
1390	e123|e45|456|467|6|77|7||	6.7605291	3.6e-5
1391	e123|e45|456|467|7|67|7||	4.3425148	2.5e-5
1392	e123|e45|456|477|7|66|7||	3.7172735	1.16e-5
1393	e123|e45|456|666|77|77|||	-0.174296722	1.27e-7
1394	e123|e45|456|667|67|77|||	5.2184520	1.26e-5
1395	e123|e45|456|677|66|77|||	4.99022229	4.03e-6
1396	e123|e45|456|677|67|67|||	3.2761596	1.26e-5
1397	e123|e45|456|777|66|67|||	-0.380887590	4.84e-7
1398	e123|e45|466|566|77|77|||	1.083828609	9.43e-7
1399	e123|e45|466|567|67|77|||	3.7994998	1.37e-5
1400	e123|e45|466|567|77|67|||	2.65960161	1.e-5
1401	e123|e45|466|577|66|77|||	13.249399515803990	1.e-13
1402	e123|e45|466|577|67|67|||	3.7046755	1.16e-5
1403	e123|e45|466|577|77|66|||	0.838678026	8.78e-7
1404	e123|e45|467|567|67|67|||	1.07266310	6.42e-6
1405	e123|223|4|45|e5|67|777||	-2.497676722815141	1.e-13
1406	e123|223|4|45|e6|677|77||	24.8738280	1.29e-5
1407	e123|223|4|45|56|e7|777||	-0.603585395	3.53e-7
1408	e123|223|4|45|67|e67|77||	7.0976369	1.19e-5
1409	e123|223|4|45|67|667|7|e|	6.3073203	1.79e-5
1410	e123|223|4|55|e56|7|777||	-0.409344470979437	1.e-13
1411	e123|223|4|55|e67|67|77||	5.36068420	2.92e-6
1412	e123|223|4|55|667|67|7|e|	4.64115553	2.6e-6
1413	e123|223|4|56|e56|77|77||	3.93501311	2.29e-6
1414	e123|223|4|56|e57|67|77||	12.26731220	6.98e-6
1415	e123|223|4|56|567|e7|77||	11.1567910	3.39e-5
1416	e123|223|4|56|567|67|7|e|	6.8359363	2.62e-5
1417	e123|223|4|56|577|e6|77||	7.45312235	4.94e-6
1418	e123|223|4|56|577|67|e7||	11.4898090	1.93e-5
1419	e123|224|4|455|e|67|777||	-0.709441397515693	1.e-13
1420	e123|224|4|456|e|677|77||	6.084760408914144	1.e-13
1421	e123|224|4|456|5|e7|777||	-0.335776165	1.92e-7
1422	e123|224|4|456|7|667|7|e|	2.00443817	3.26e-6
1423	e123|224|4|555|e6|7|777||	0.004118611763877	1.e-13
1424	e123|224|4|556|e5|7|777||	-0.353629805157263	1.e-13
1425	e123|224|4|556|e6|77|77||	3.37698417549611	1.e-12
1426	e123|224|4|556|e7|67|77||	5.61523857	8.86e-6
1427	e123|224|4|556|67|67|7|e|	6.5739289	1.1e-5
1428	e123|224|4|556|67|77|e7||	4.26761651	2.74e-6
1429	e123|224|4|567|e5|67|77||	4.13200023	9.37e-6
1430	e123|224|4|567|56|e7|77||	6.3659376	1.6e-5
1431	e123|224|4|567|56|67|7|e|	3.8776999	1.15e-5
1432	e123|224|5|445|6|e7|777||	-0.313591305	2.64e-7
1433	e123|224|5|446|5|e7|777||	-0.314061778	2.06e-7
1434	e123|224|5|446|6|777|e7||	-0.323443046	2.04e-7
1435	e123|224|5|446|7|e67|77||	8.0635226	1.32e-5
1436	e123|224|5|446|7|667|7|e|	3.75580267	7.02e-6
1437	e123|224|5|446|7|677|e7||	3.76621777	7.56e-6
1438	e123|224|5|456|e5|7|777||	-0.52017963	3.54e-6
1439	e123|224|5|456|e6|77|77||	6.23342682	4.08e-6
1440	e123|224|5|456|e7|67|77||	9.3129936	3.15e-5
1441	e123|224|5|456|67|67|7|e|	4.9839487	3.2e-5
1442	e123|224|5|456|67|77|e7||	7.4112318	1.72e-5
1443	e123|224|5|466|e5|77|77||	4.66252122	3.54e-6
1444	e123|224|5|466|e6|777|7||	-0.162384776	1.1e-7
1445	e123|224|5|466|e7|677|7||	6.8123467	1.68e-5
1446	e123|224|5|466|57|e7|77||	6.36108891	4.21e-6
1447	e123|224|5|466|57|67|7|e|	7.5146657	2.2e-5
1448	e123|224|5|466|77|e67|7||	6.14522009	4.43e-6
1449	e123|224|5|467|e5|67|77||	5.3337646	1.08e-5
1450	e123|224|5|467|e6|677|7||	9.5140949	2.26e-5
1451	e123|224|5|467|56|e7|77||	9.4462236	2.38e-5
1452	e123|224|5|467|56|67|7|e|	10.1116540	2.54e-5
1453	e123|224|5|467|56|77|e7||	7.4640914	2.33e-5
1454	e123|224|5|467|67|e67|7||	5.6620191	2.52e-5
1455	e123|224|5|467|67|667||e|	7.3350649	1.9e-5
1456	e123|224|5|666|e67|777|||	0.0150704892	1.17e-8
1457	e123|224|5|666|557|7|7|e|	-0.0838440056	4.97e-8
1458	e123|224|5|667|e56|77|7||	6.8857183	2.43e-5
1459	e123|224|5|667|e57|67|7||	9.7209721	2.24e-5
1460	e123|224|5|667|e67|677|||	6.0122119	8.15e-5
1461	e123|224|5|667|567|67||e|	3.73144874	8.4e-6
1462	e123|234|34|5|e5|67|777||	-1.38327610	1.93e-6
1463	e123|234|34|5|e6|677|77||	13.8569910	2.13e-5
1464	e123|234|34|5|56|e7|777||	-0.31723184	1.13e-6
1465	e123|234|35|6|e56|77|77||	3.76542761	9.87e-6
1466	e123|234|35|6|e57|67|77||	11.5288420	3.3e-5
1467	e123|234|35|6|567|67|7|e|	1.12910497	7.82e-6
1468	e123|234|44|56|5|e7|777||	-0.519981909	3.42e-7
1469	e123|234|45|45|e|67|777||	-0.569323623	7.92e-7
1470	e123|234|45|45|6|e7|777||	-0.21737299	1.18e-6
1471	e123|234|45|46|e|677|77||	5.6407393	1.23e-5
1472	e123|234|45|46|5|e7|777||	-0.439669289	3.84e-7
1473	e123|234|45|55|e6|7|777||	-0.319238247	5.47e-7
1474	e123|234|45|56|e5|7|777||	-0.26441698	1.16e-6
1475	e123|234|45|56|e6|77|77||	6.0545293	2.9e-5
1476	e123|234|45|56|e7|67|77||	9.2777646	3.25e-5
1477	e123|234|45|56|57|e|777||	-0.43029229	1.99e-6
1478	e123|234|45|56|67|e7|77||	8.2662762	2.57e-5
1479	e123|234|45|56|67|67|7|e|	4.7108136	1.64e-5
1480	e123|234|45|56|67|77|e7||	7.0568172	3.36e-5
1481	e123|234|45|56|77|e6|77||	5.67335234	5.95e-6
1482	e123|234|45|56|77|67|e7||	7.3442315	3.66e-5
1483	e123|234|45|66|e5|77|77||	2.43793881	1.82e-6
1484	e123|234|45|66|e6|777|7||	-0.317621622	3.68e-7
1485	e123|234|45|66|e7|677|7||	6.8617344	2.34e-5
1486	e123|234|45|66|57|e7|77||	3.07164525	2.29e-6
1487	e123|234|45|66|57|67|7|e|	3.8777897	1.5e-5
1488	e123|234|45|66|77|e67|7||	5.68143696	4.88e-6
1489	e123|234|45|67|e5|67|77||	2.78034537	5.89e-6
1490	e123|234|45|67|e6|677|7||	9.1483178	2.83e-5
1491	e123|234|45|67|56|e7|77||	8.7580468	2.39e-5
1492	e123|234|45|67|56|67|7|e|	4.9966745	2.09e-5
1493	e123|234|45|67|56|77|e7||	7.2714803	2.77e-5
1494	e123|234|45|67|67|e67|7||	4.7229485	2.13e-5
1495	e123|234|45|67|67|667||e|	6.8204513	2.54e-5
1496	e123|234|55|56|e57||777||	-0.316531223	3.03e-7
1497	e123|234|55|56|777|6|e7||	-0.318488018	2.5e-7
1498	e123|234|55|66|e57|7|77||	4.51710345	3.69e-6
1499	e123|234|55|66|567|7|7|e|	1.45901236	6.52e-6
1500	e123|234|55|67|e56|7|77||	6.4933393	2.6e-5
1501	e123|234|55|67|e67|67|7||	3.6046648	1.49e-5
1502	e123|234|55|67|566|7|7|e|	5.5275880	2.52e-5
1503	e123|234|55|67|667|67||e|	5.3036873	2.66e-5
1504	e123|234|56|56|e57|7|77||	3.3572614	1.66e-5
1505	e123|234|56|56|567|7|7|e|	1.0733043	1.38e-5
1506	e123|234|56|56|577|e|77||	2.6062293	1.37e-5
1507	e123|234|56|56|577|7|e7||	3.9097355	1.9e-5
1508	e123|234|56|56|777|e6|7||	-0.107225104	6.18e-7
1509	e123|234|56|57|e56|7|77||	6.6290412	2.6e-5
1510	e123|234|56|57|e67|67|7||	4.6294842	1.68e-5
1511	e123|234|56|57|566|7|7|e|	6.7869650	3.94e-5
1512	e123|234|56|57|567|e|77||	3.8513371	1.71e-5
1513	e123|234|56|57|567|6|7|e|	8.8790289	3.49e-5
1514	e123|234|56|57|667|e7|7||	8.1069143	2.72e-5
1515	e123|234|56|57|667|67||e|	6.9365429	2.22e-5
1516	e123|244|45|456||e7|777||	-0.509048676	4.07e-7
1517	e123|244|45|566|7|e7|77||	6.50396928	4.59e-6
1518	e123|244|45|566|7|67|7|e|	5.0106238	1.09e-5
1519	e123|244|45|567|5|e|777||	-1.323631330051785	1.e-13
1520	e123|244|45|567|6|e7|77||	4.9313069	1.44e-5
1521	e123|244|45|567|6|77|e7||	9.9272042	2.04e-5
1522	e123|244|45|667|5|e7|77||	13.402301821886940	1.e-13
1523	e123|244|45|667|7|667||e|	6.54104219	4.86e-6
1524	e123|244|55|466|7|67|7|e|	2.13604875	3.63e-6
1525	e123|244|55|666|57|7|7|e|	-0.061213415215517	1.e-13
1526	e123|244|55|667|67|67||e|	2.04733557	1.86e-6
1527	e123|244|56|445||e7|777||	-0.33650827436190	1.e-12
1528	e123|244|56|456|7|e7|77||	5.0606717	1.77e-5
1529	e123|244|56|456|7|67|7|e|	3.5109289	1.4e-5
1530	e123|244|56|457|5|e|777||	-0.156794123	2.29e-7
1531	e123|244|56|457|6|e7|77||	2.63476513	9.52e-6
1532	e123|244|56|457|6|77|e7||	6.2705730	2.08e-5
1533	e123|244|56|457|7|e6|77||	2.67518061	2.76e-6
1534	e123|244|56|457|7|66|7|e|	6.4524860	2.59e-5
1535	e123|244|56|477|5|e6|77||	4.34368647	5.03e-6
1536	e123|244|56|556|67|7|7|e|	2.6925050	1.06e-5
1537	e123|244|56|556|77|7|e7||	4.23257798	3.39e-6
1538	e123|244|56|557|67|6|7|e|	2.76111027	2.4e-6
1539	e123|244|56|567|57|e|77||	6.0609134	2.79e-5
1540	e123|244|56|567|57|6|7|e|	6.9260055	1.65e-5
1541	e123|244|56|567|57|7|e7||	6.8601517	3.23e-5
1542	e123|244|56|577|56|e|77||	4.16880812	3.72e-6
1543	e123|244|56|577|56|7|e7||	6.2458828	1.7e-5
1544	e123|244|56|577|57|6|e7||	5.2267089	2.58e-5
1545	e123|244|56|577|67|e6|7||	5.37853522	5.55e-6
1546	e123|244|56|577|67|67|e||	6.3592466	1.92e-5
1547	e123|244|56|777|55|6|e7||	-0.126606239553894	1.e-13
1548	e123|245|45|446||e7|777||	-0.157174309	1.39e-7
1549	e123|245|45|456|e|7|777||	-0.128511412	4.14e-7
1550	e123|245|45|466|e|77|77||	1.16152001	1.16e-6
1551	e123|245|45|466|7|e7|77||	1.54302443	5.41e-6
1552	e123|245|45|467|e|67|77||	1.32895834	3.8e-6
1553	e123|245|45|467|6|e7|77||	4.6659714	1.4e-5
1554	e123|245|45|666|57|7|7|e|	-0.0591820773	8.13e-8
1555	e123|245|45|667|e6|77|7||	1.69381356	5.56e-6
1556	e123|245|45|667|67|67||e|	1.70522417	6.45e-6
1557	e123|245|46|445||e7|777||	-0.311097319	3.51e-7
1558	e123|245|46|455|e|7|777||	-0.154715925	4.37e-7
1559	e123|245|46|456|e|77|77||	1.41559895	5.29e-6
1560	e123|245|46|456|7|e7|77||	6.4374799	3.96e-5
1561	e123|245|46|456|7|67|7|e|	2.0772684	1.38e-5
1562	e123|245|46|457|e|67|77||	4.3214974	1.34e-5
1563	e123|245|46|457|6|77|e7||	8.1868597	3.94e-5
1564	e123|245|46|457|7|e6|77||	6.5681502	1.85e-5
1565	e123|245|46|457|7|66|7|e|	6.6012045	3.32e-5
1566	e123|245|46|457|7|67|e7||	8.7381342	1.87e-5
1567	e123|245|46|477|e|667|7||	1.61556093	4.68e-6
1568	e123|245|46|477|5|e6|77||	2.7605471	1.39e-5
1569	e123|245|46|555|e7||777||	0.014961360455177	1.e-13
1570	e123|245|46|556|e7|7|77||	2.87319658	9.69e-6
1571	e123|245|46|556|67|7|7|e|	3.5522214	1.28e-5
1572	e123|245|46|556|77|7|e7||	5.3258428	1.36e-5
1573	e123|245|46|557|e7|6|77||	2.8684038	1.02e-5
1574	e123|245|46|557|67|6|7|e|	3.5685126	1.92e-5
1575	e123|245|46|557|77|6|e7||	5.2472930	1.54e-5
1576	e123|245|46|567|e7|67|7||	2.4998351	2.19e-5
1577	e123|245|46|567|57|e|77||	4.0967969	1.24e-5
1578	e123|245|46|567|57|7|e7||	4.6417043	1.68e-5
1579	e123|245|46|567|77|e6|7||	3.3669158	1.94e-5
1580	e123|245|46|577|e7|66|7||	2.81314778	9.7e-6
1581	e123|245|46|577|56|e|77||	2.87739506	2.92e-6
1582	e123|245|46|577|56|7|e7||	4.3090930	1.85e-5
1583	e123|245|46|577|57|6|e7||	6.6936985	2.91e-5
1584	e123|245|46|577|67|e6|7||	6.9326750	2.81e-5
1585	e123|245|46|777|e7|666|||	0.0059081273	1.19e-8
1586	e123|245|46|777|55|6|e7||	-0.383042600	2.84e-7
1587	e123|245|67|445|6|e7|77||	6.1834534	3.49e-5
1588	e123|245|67|446|7|667||e|	5.0113289	3.29e-5
1589	e123|245|67|446|7|677|e||	5.0788166	2.02e-5
1590	e123|245|67|456|e6|77|7||	3.2100681	1.57e-5
1591	e123|245|67|456|e7|67|7||	8.2001222	3.54e-5
1592	e123|245|67|456|56|7|7|e|	4.2734170	2.7e-5
1593	e123|245|67|456|57|7|e7||	2.17647357	9.18e-6
1594	e123|245|67|456|67|67||e|	3.8960394	1.9e-5
1595	e123|245|67|456|67|77|e||	3.1392368	1.45e-5
1596	e123|444|555|666|7|7|7|e|	-0.000068859514676	1.e-13
1597	e123|444|556|566|7|7|7|e|	-0.0594749552	5.96e-8
1598	e123|444|556|577|6|7|e7||	-0.134028335	1.1e-7
1599	e123|444|556|677|6|77|e||	-0.045324600462970	1.e-13
1600	e123|444|567|567|5|e|77||	-0.0530798401	3.52e-8
1601	e123|445|445|567||e|777||	-0.425043746139908	1.e-13
1602	e123|445|445|667||e7|77||	4.304157385184855	1.e-13
1603	e123|445|446|577||e6|77||	2.14081903	1.73e-6
1604	e123|445|456|457||e|777||	-0.076035014	2.52e-7
1605	e123|445|456|467||e7|77||	6.1058471	1.6e-5
1606	e123|445|456|566|7|7|7|e|	1.26421591	4.76e-6
1607	e123|445|456|567|7|e|77||	2.97213704	9.36e-6
1608	e123|445|456|577|6|e|77||	2.07286205	2.17e-6
1609	e123|445|456|667|7|67||e|	2.5879902	3.05e-5
1610	e123|445|456|677|6|e7|7||	3.09330791	9.33e-6
1611	e123|445|466|556|7|7|7|e|	0.68122075	2.33e-6
1612	e123|445|466|557|7|6|7|e|	2.00007088	6.79e-6
1613	e123|445|466|577|7|e6|7||	1.97362676	7.68e-6
1614	e123|445|467|467||667||e|	1.21251110	5.6e-6
1615	e123|445|467|566|7|e7|7||	1.33834466	4.88e-6
1616	e123|445|566|577|67|e|7||	0.330294649	4.07e-7
1617	e123|445|567|567|67|e|7||	0.81205065	5.29e-6
1618	e123|445|567|567|67|6||e|	1.55318309	7.39e-6
1619	e123|456|456|456|7|7|7|e|	0.09463358	1.16e-6
1620	e123|456|456|457|e|7|77||	1.47198108	5.66e-6
1621	e123|456|456|457|7|7|e7||	0.9353682	1.12e-5
1622	e123|456|457|467|e|67|7||	0.68422737	7.42e-6